0.000000000000000000e+00
0.000000000000000000e+00
0.000000000000000000e+00
0.000000000000000000e+00
0.000000000000000000e+00
0.000000000000000000e+00
0.000000000000000000e+00
0.000000000000000000e+00
0.000000000000000000e+00
0.000000000000000000e+00
0.000000000000000000e+00
0.000000000000000000e+00
0.000000000000000000e+00
0.000000000000000000e+00
0.000000000000000000e+00
0.000000000000000000e+00
0.000000000000000000e+00
0.000000000000000000e+00
0.000000000000000000e+00
0.000000000000000000e+00
1.442522499200000086e+00
5.048836609300000333e+01
1.227017617979999784e+02
1.973781849100000159e+02
2.706711504700000432e+02
3.428058116299999938e+02
4.150518695699999512e+02
4.898062061000000540e+02
5.630378251299999874e+02
6.351962972600000512e+02
7.074904324099999258e+02
7.827376514199999065e+02
8.635807234999999764e+02
9.305994144399999186e+02
9.999317883500000335e+02
1.072307484000000159e+03
1.147295335700000123e+03
1.220445517900000141e+03
1.292713540700000067e+03
1.365172020599999769e+03
1.440289965599999960e+03
1.513428817299999992e+03
1.585770548400000052e+03
1.658327292200000102e+03
1.733591530100000000e+03
1.806734285999999656e+03
1.875260854600000357e+03
1.888621996000000308e+03
1.888621996000000308e+03
1.888621996000000308e+03
1.888621996000000308e+03
1.888621996000000308e+03
1.888621996000000308e+03
1.888621996000000308e+03
1.888621996000000308e+03
1.888621996000000308e+03
1.888621996000000308e+03
1.888621996000000308e+03
1.885014164199999868e+03
1.827666293900000255e+03
1.756326801300000170e+03
1.687602938100000074e+03
1.616947141699999975e+03
1.545650857500000029e+03
1.476942072899999857e+03
1.406384287500000028e+03
1.337902341999999862e+03
1.321050790999999890e+03
1.321050790999999890e+03
1.321050790999999890e+03
1.321050790999999890e+03
1.321050790999999890e+03
1.321050790999999890e+03
1.321050790999999890e+03
1.321050790999999890e+03
1.321050790999999890e+03
1.321050790999999890e+03
1.321050790999999890e+03
1.321050790999999890e+03
1.316646747100000084e+03
1.233838128099999949e+03
1.125072578599999815e+03
1.013833181390000050e+03
9.042843422899999268e+02
7.957319354399999156e+02
6.871999196499999698e+02
5.787059517799999639e+02
4.701705871799999841e+02
3.591934292799999753e+02
2.495975417499999764e+02
1.410950408909999965e+02
3.473512593110000068e+01
0.000000000000000000e+00
0.000000000000000000e+00
0.000000000000000000e+00
0.000000000000000000e+00
0.000000000000000000e+00
0.000000000000000000e+00
0.000000000000000000e+00
0.000000000000000000e+00
0.000000000000000000e+00
0.000000000000000000e+00
0.000000000000000000e+00
0.000000000000000000e+00
0.000000000000000000e+00
0.000000000000000000e+00
0.000000000000000000e+00
0.000000000000000000e+00
0.000000000000000000e+00
0.000000000000000000e+00
2.904743761999999840e+00
1.015785207140000068e+02
2.442431755700000053e+02
3.882345051899999930e+02
5.264524679200000037e+02
5.658336648000000650e+02
5.658336648000000650e+02
5.658336648000000650e+02
5.658336648000000650e+02
5.658336648000000650e+02
5.658336648000000650e+02
5.658336648000000650e+02
5.626197780400000283e+02
4.824785648899999728e+02
3.703195421899999928e+02
2.581354391400000168e+02
1.459228111369999965e+02
3.592394490000000218e+01
0.000000000000000000e+00
0.000000000000000000e+00
0.000000000000000000e+00
0.000000000000000000e+00
0.000000000000000000e+00
0.000000000000000000e+00
0.000000000000000000e+00
0.000000000000000000e+00
0.000000000000000000e+00
0.000000000000000000e+00
0.000000000000000000e+00
0.000000000000000000e+00
0.000000000000000000e+00
0.000000000000000000e+00
0.000000000000000000e+00
0.000000000000000000e+00
0.000000000000000000e+00
0.000000000000000000e+00
0.000000000000000000e+00
0.000000000000000000e+00
2.055688145300000436e+00
7.186515406399999506e+01
1.721009603499999798e+02
2.737199087900000336e+02
3.764122762499999908e+02
4.766039632400000414e+02
5.783387775999999576e+02
6.810468245499999966e+02
7.812175801099999717e+02
8.830919993000001114e+02
9.858395346699999209e+02
1.086012477599999784e+03
1.183737926999999672e+03
1.207675950999999714e+03
1.207675950999999714e+03
1.207675950999999714e+03
1.207675950999999714e+03
1.207675950999999714e+03
1.207675950999999714e+03
1.207675950999999714e+03
1.207675950999999714e+03
1.207675950999999714e+03
1.207675950999999714e+03
1.207675950999999714e+03
1.207675950999999714e+03
1.207675950999999714e+03
1.207675950999999714e+03
1.207675950999999714e+03
1.207675950999999714e+03
1.207675950999999714e+03
1.207675950999999714e+03
1.207675950999999714e+03
1.207675950999999714e+03
1.207675950999999714e+03
1.207675950999999714e+03
1.207675950999999714e+03
1.203467713799999956e+03
1.121461450000000013e+03
1.012859920480000028e+03
9.042843422899999268e+02
7.957319354399999156e+02
6.870898122699999249e+02
5.760348711700000877e+02
4.665285534199999233e+02
3.580743476799999598e+02
2.495975417499999764e+02
1.410950408909999965e+02
3.473512593110000068e+01
0.000000000000000000e+00
0.000000000000000000e+00
0.000000000000000000e+00
0.000000000000000000e+00
0.000000000000000000e+00
0.000000000000000000e+00
0.000000000000000000e+00
0.000000000000000000e+00
0.000000000000000000e+00
0.000000000000000000e+00
0.000000000000000000e+00
0.000000000000000000e+00
0.000000000000000000e+00
0.000000000000000000e+00
0.000000000000000000e+00
0.000000000000000000e+00
0.000000000000000000e+00
0.000000000000000000e+00
0.000000000000000000e+00
0.000000000000000000e+00
1.442522499200000086e+00
5.048836609300000333e+01
1.227017617979999784e+02
1.973781849100000159e+02
2.706711504700000432e+02
3.428058116299999938e+02
4.150518695699999512e+02
4.898062061000000540e+02
5.630378251299999874e+02
6.351962972600000512e+02
7.074904324099999258e+02
7.827376514199999065e+02
8.635807234999999764e+02
9.305994144399999186e+02
9.999317883500000335e+02
1.072307484000000159e+03
1.147295335700000123e+03
1.220445517900000141e+03
1.292713540700000067e+03
1.365172020599999769e+03
1.440289965599999960e+03
1.513428817299999992e+03
1.585770548400000052e+03
1.658327292200000102e+03
1.733591530100000000e+03
1.806734285999999656e+03
1.875260854600000357e+03
1.888621996000000308e+03
1.888621996000000308e+03
1.888621996000000308e+03
1.888621996000000308e+03
1.888621996000000308e+03
1.888621996000000308e+03
1.888621996000000308e+03
1.888621996000000308e+03
1.888621996000000308e+03
1.888621996000000308e+03
1.888621996000000308e+03
1.885014164199999868e+03
1.827666293900000255e+03
1.756326801300000170e+03
1.687602938100000074e+03
1.616947141699999975e+03
1.545650857500000029e+03
1.476942072899999857e+03
1.406384287500000028e+03
1.337902341999999862e+03
1.321050790999999890e+03
1.321050790999999890e+03
1.321050790999999890e+03
1.321050790999999890e+03
1.321050790999999890e+03
1.321050790999999890e+03
1.321050790999999890e+03
1.321050790999999890e+03
1.321050790999999890e+03
1.321050790999999890e+03
1.321050790999999890e+03
1.321050790999999890e+03
1.316646747100000084e+03
1.233838128099999949e+03
1.125072578599999815e+03
1.013833181390000050e+03
9.042843422899999268e+02
7.957319354399999156e+02
6.871999196499999698e+02
5.787059517799999639e+02
4.701705871799999841e+02
3.591934292799999753e+02
2.495975417499999764e+02
1.410950408909999965e+02
3.473512593110000068e+01
0.000000000000000000e+00
0.000000000000000000e+00
0.000000000000000000e+00
0.000000000000000000e+00
0.000000000000000000e+00
0.000000000000000000e+00
0.000000000000000000e+00
0.000000000000000000e+00
0.000000000000000000e+00
0.000000000000000000e+00
0.000000000000000000e+00
0.000000000000000000e+00
0.000000000000000000e+00
0.000000000000000000e+00
0.000000000000000000e+00
0.000000000000000000e+00
0.000000000000000000e+00
0.000000000000000000e+00
2.904743761999999840e+00
1.015785207140000068e+02
2.442431755700000053e+02
3.882345051899999930e+02
5.264524679200000037e+02
5.658336648000000650e+02
5.658336648000000650e+02
5.658336648000000650e+02
5.658336648000000650e+02
5.658336648000000650e+02
5.658336648000000650e+02
5.658336648000000650e+02
5.626197780400000283e+02
4.824785648899999728e+02
3.703195421899999928e+02
2.581354391400000168e+02
1.459228111369999965e+02
3.592394490010000396e+01
0.000000000000000000e+00
0.000000000000000000e+00
0.000000000000000000e+00
0.000000000000000000e+00
0.000000000000000000e+00
0.000000000000000000e+00
0.000000000000000000e+00
0.000000000000000000e+00
0.000000000000000000e+00
0.000000000000000000e+00
0.000000000000000000e+00
0.000000000000000000e+00
0.000000000000000000e+00
0.000000000000000000e+00
0.000000000000000000e+00
0.000000000000000000e+00
0.000000000000000000e+00
0.000000000000000000e+00
0.000000000000000000e+00
0.000000000000000000e+00
2.055688145300000436e+00
7.186515406399999506e+01
1.721009603499999798e+02
2.737199087900000336e+02
3.764122762499999908e+02
4.766039632400000414e+02
5.783387775999999576e+02
6.810468245499999966e+02
7.812175801099999717e+02
8.830919993000001114e+02
9.858395346699999209e+02
1.086012477599999784e+03
1.183737926999999672e+03
1.207675950999999714e+03
1.207675950999999714e+03
1.207675950999999714e+03
1.207675950999999714e+03
1.207675950999999714e+03
1.207675950999999714e+03
1.207675950999999714e+03
1.207675950999999714e+03
1.207675950999999714e+03
1.207675950999999714e+03
1.207675950999999714e+03
1.207675950999999714e+03
1.207675950999999714e+03
1.207675950999999714e+03
1.207675950999999714e+03
1.207675950999999714e+03
1.207675950999999714e+03
1.207675950999999714e+03
1.207675950999999714e+03
1.207675950999999714e+03
1.207675950999999714e+03
1.207675950999999714e+03
1.207675950999999714e+03
1.203467713799999956e+03
1.121461450000000013e+03
1.012859920480000028e+03
9.042843422899999268e+02
7.957319354399999156e+02
6.870898122699999249e+02
5.760348711700000877e+02
4.665285534199999233e+02
3.580743476799999598e+02
2.495975417499999764e+02
1.410950408909999965e+02
3.473512593110000068e+01
0.000000000000000000e+00
0.000000000000000000e+00
0.000000000000000000e+00
0.000000000000000000e+00
0.000000000000000000e+00
0.000000000000000000e+00
0.000000000000000000e+00
0.000000000000000000e+00
0.000000000000000000e+00
0.000000000000000000e+00
0.000000000000000000e+00
0.000000000000000000e+00
0.000000000000000000e+00
0.000000000000000000e+00
0.000000000000000000e+00
0.000000000000000000e+00
0.000000000000000000e+00
0.000000000000000000e+00
0.000000000000000000e+00
0.000000000000000000e+00
1.442522499200000086e+00
5.048836609300000333e+01
1.227017617979999784e+02
1.973781849100000159e+02
2.706711504700000432e+02
3.428058116299999938e+02
4.150518695699999512e+02
4.898062061000000540e+02
5.630378251299999874e+02
6.351962972600000512e+02
7.074904324099999258e+02
7.827376514199999065e+02
8.635807234999999764e+02
9.305994144399999186e+02
9.999317883500000335e+02
1.072307484000000159e+03
1.147295335700000123e+03
1.220445517900000141e+03
1.292713540700000067e+03
1.365172020599999769e+03
1.440289965599999960e+03
1.513428817299999992e+03
1.585770548400000052e+03
1.658327292200000102e+03
1.733591530100000000e+03
1.806734285999999656e+03
1.875260854600000357e+03
1.888621996000000308e+03
1.888621996000000308e+03
1.888621996000000308e+03
1.888621996000000308e+03
1.888621996000000308e+03
1.888621996000000308e+03
1.888621996000000308e+03
1.888621996000000308e+03
1.888621996000000308e+03
1.888621996000000308e+03
1.888621996000000308e+03
1.885014164199999868e+03
1.827666293900000255e+03
1.756326801300000170e+03
1.687602938100000074e+03
1.616947141699999975e+03
1.545650857500000029e+03
1.476942072899999857e+03
1.406384287500000028e+03
1.337902341999999862e+03
1.321050790999999890e+03
1.321050790999999890e+03
1.321050790999999890e+03
1.321050790999999890e+03
1.321050790999999890e+03
1.321050790999999890e+03
1.321050790999999890e+03
1.321050790999999890e+03
1.321050790999999890e+03
1.321050790999999890e+03
1.321050790999999890e+03
1.321050790999999890e+03
1.316646747100000084e+03
1.233838128099999949e+03
1.125072578599999815e+03
1.013833181390000050e+03
9.042843422899999268e+02
7.957319354399999156e+02
6.871999196499999698e+02
5.787059517799999639e+02
4.701705871799999841e+02
3.591934292799999753e+02
2.495975417499999764e+02
1.410950408909999965e+02
3.473512593110000068e+01
0.000000000000000000e+00
0.000000000000000000e+00
0.000000000000000000e+00
0.000000000000000000e+00
0.000000000000000000e+00
0.000000000000000000e+00
0.000000000000000000e+00
0.000000000000000000e+00
0.000000000000000000e+00
0.000000000000000000e+00
0.000000000000000000e+00
0.000000000000000000e+00
0.000000000000000000e+00
0.000000000000000000e+00
0.000000000000000000e+00
0.000000000000000000e+00
0.000000000000000000e+00
0.000000000000000000e+00
2.904743761999999840e+00
1.015785207140000068e+02
2.442431755700000053e+02
3.882345051899999930e+02
5.264524679200000037e+02
5.658336648000000650e+02
5.658336648000000650e+02
5.658336648000000650e+02
5.658336648000000650e+02
5.658336648000000650e+02
5.658336648000000650e+02
5.658336648000000650e+02
5.626197780400000283e+02
4.824785648899999728e+02
3.703195421899999928e+02
2.581354391400000168e+02
1.459228111369999965e+02
3.592394490000000218e+01
0.000000000000000000e+00
0.000000000000000000e+00
0.000000000000000000e+00
0.000000000000000000e+00
0.000000000000000000e+00
0.000000000000000000e+00
0.000000000000000000e+00
0.000000000000000000e+00
0.000000000000000000e+00
0.000000000000000000e+00
0.000000000000000000e+00
0.000000000000000000e+00
0.000000000000000000e+00
0.000000000000000000e+00
0.000000000000000000e+00
0.000000000000000000e+00
0.000000000000000000e+00
0.000000000000000000e+00
0.000000000000000000e+00
0.000000000000000000e+00
2.055688145300000436e+00
7.186515406399999506e+01
1.721009603499999798e+02
2.737199087900000336e+02
3.764122762499999908e+02
4.766039632400000414e+02
5.783387775999999576e+02
6.810468245499999966e+02
7.812175801099999717e+02
8.830919993000001114e+02
9.858395346699999209e+02
1.086012477599999784e+03
1.183737926999999672e+03
1.207675950999999714e+03
1.207675950999999714e+03
1.207675950999999714e+03
1.207675950999999714e+03
1.207675950999999714e+03
1.207675950999999714e+03
1.207675950999999714e+03
1.207675950999999714e+03
1.207675950999999714e+03
1.207675950999999714e+03
1.207675950999999714e+03
1.207675950999999714e+03
1.207675950999999714e+03
1.207675950999999714e+03
1.207675950999999714e+03
1.207675950999999714e+03
1.207675950999999714e+03
1.207675950999999714e+03
1.207675950999999714e+03
1.207675950999999714e+03
1.207675950999999714e+03
1.207675950999999714e+03
1.207675950999999714e+03
1.203467713799999956e+03
1.121461450000000013e+03
1.012859920480000028e+03
9.042843422899999268e+02
7.957319354399999156e+02
6.870898122699999249e+02
5.760348711700000877e+02
4.665285534199999233e+02
3.580743476799999598e+02
2.495975417499999764e+02
1.410950408909999965e+02
3.473512593110000068e+01
0.000000000000000000e+00
0.000000000000000000e+00
0.000000000000000000e+00
0.000000000000000000e+00
0.000000000000000000e+00
0.000000000000000000e+00
0.000000000000000000e+00
0.000000000000000000e+00
0.000000000000000000e+00
0.000000000000000000e+00
0.000000000000000000e+00
0.000000000000000000e+00
0.000000000000000000e+00
0.000000000000000000e+00
0.000000000000000000e+00
0.000000000000000000e+00
0.000000000000000000e+00
0.000000000000000000e+00
0.000000000000000000e+00
0.000000000000000000e+00
1.442522499200000086e+00
5.048836609300000333e+01
1.227017617979999784e+02
1.973781849100000159e+02
2.706711504700000432e+02
3.428058116299999938e+02
4.150518695699999512e+02
4.898062061000000540e+02
5.630378251299999874e+02
6.351962972600000512e+02
7.074904324099999258e+02
7.827376514199999065e+02
8.635807234999999764e+02
9.305994144399999186e+02
9.999317883500000335e+02
1.072307484000000159e+03
1.147295335700000123e+03
1.220445517900000141e+03
1.292713540700000067e+03
1.365172020599999769e+03
1.440289965599999960e+03
1.513428817299999992e+03
1.585770548400000052e+03
1.658327292200000102e+03
1.733591530100000000e+03
1.806734285999999656e+03
1.875260854600000357e+03
1.888621996000000308e+03
1.888621996000000308e+03
1.888621996000000308e+03
1.888621996000000308e+03
1.888621996000000308e+03
1.888621996000000308e+03
1.888621996000000308e+03
1.888621996000000308e+03
1.888621996000000308e+03
1.888621996000000308e+03
1.888621996000000308e+03
1.885014164199999868e+03
1.827666293900000255e+03
1.756326801300000170e+03
1.687602938100000074e+03
1.616947141699999975e+03
1.545650857500000029e+03
1.476942072899999857e+03
1.406384287500000028e+03
1.337902341999999862e+03
1.321050790999999890e+03
1.321050790999999890e+03
1.321050790999999890e+03
1.321050790999999890e+03
1.321050790999999890e+03
1.321050790999999890e+03
1.321050790999999890e+03
1.321050790999999890e+03
1.321050790999999890e+03
1.321050790999999890e+03
1.321050790999999890e+03
1.321050790999999890e+03
1.316646747100000084e+03
1.233838128099999949e+03
1.125072578599999815e+03
1.013833181390000050e+03
9.042843422899999268e+02
7.957319354399999156e+02
6.871999196499999698e+02
5.787059517799999639e+02
4.701705871799999841e+02
3.591934292799999753e+02
2.495975417499999764e+02
1.410950408909999965e+02
3.473512593110000068e+01
0.000000000000000000e+00
0.000000000000000000e+00
0.000000000000000000e+00
0.000000000000000000e+00
0.000000000000000000e+00
