0.000000000000000000e+00
0.000000000000000000e+00
0.000000000000000000e+00
0.000000000000000000e+00
0.000000000000000000e+00
0.000000000000000000e+00
0.000000000000000000e+00
0.000000000000000000e+00
0.000000000000000000e+00
0.000000000000000000e+00
0.000000000000000000e+00
0.000000000000000000e+00
0.000000000000000000e+00
0.000000000000000000e+00
0.000000000000000000e+00
0.000000000000000000e+00
0.000000000000000000e+00
0.000000000000000000e+00
0.000000000000000000e+00
0.000000000000000000e+00
4.074396093999999913e+00
2.075921461899999798e+01
2.095123696299999949e+01
2.152777440299999867e+01
2.083181175200000013e+01
2.087723987100000045e+01
2.111477772399999964e+01
2.173177607699999925e+01
2.108199335300000143e+01
2.117071406999999894e+01
2.145377329200000105e+01
2.266403089699999995e+01
2.314578744600000348e+01
1.946923798599999955e+01
2.178233311600000022e+01
2.212215769099999818e+01
2.283007540199999852e+01
2.228400930900000176e+01
2.246999780799999868e+01
2.285536469799999892e+01
2.360374567100000220e+01
2.310383034999999907e+01
2.333311144799999681e+01
2.376403344299999887e+01
2.455286933799999716e+01
2.409910033899999959e+01
2.072098135910000138e+01
7.151820131199999153e+00
7.151820131199999153e+00
7.151820131199999153e+00
7.151820131199999153e+00
7.151820131199999153e+00
7.151820131199999153e+00
7.151820131199999153e+00
7.151820131199999153e+00
7.151820131199999153e+00
7.151820131199999153e+00
7.151820131199999153e+00
4.241799189400000003e+00
-6.681713350799999951e+00
-6.653653414100000774e+00
-6.399168152699999723e+00
-6.935254292299999790e+00
-6.882413328000000163e+00
-6.607883524000000008e+00
-7.103567140100000010e+00
-4.573761906699998825e+00
5.268873132000001291e+00
5.268873132000001291e+00
5.268873132000001291e+00
5.268873132000001291e+00
5.268873132000001291e+00
5.268873132000001291e+00
5.268873132000001291e+00
5.268873132000001291e+00
5.268873132000001291e+00
5.268873132000001291e+00
5.268873132000001291e+00
5.268873132000001291e+00
1.558325218600000506e+00
-1.264370598700000059e+01
-1.268702164199999949e+01
-1.291199468599999989e+01
-1.238569641900000029e+01
-1.226409430899999897e+01
-1.212571247400000019e+01
-1.154279796099999977e+01
-9.831096952600001160e+00
-8.105074798900000488e+00
-5.912544986800000402e+00
-3.994918760599999619e+00
-1.797376410800000102e+00
0.000000000000000000e+00
0.000000000000000000e+00
0.000000000000000000e+00
0.000000000000000000e+00
0.000000000000000000e+00
0.000000000000000000e+00
0.000000000000000000e+00
0.000000000000000000e+00
0.000000000000000000e+00
0.000000000000000000e+00
0.000000000000000000e+00
0.000000000000000000e+00
0.000000000000000000e+00
0.000000000000000000e+00
0.000000000000000000e+00
0.000000000000000000e+00
0.000000000000000000e+00
0.000000000000000000e+00
7.460013706999999883e+00
3.790635132700000298e+01
3.740429446899999988e+01
3.804658577099999661e+01
3.069952610650000224e+01
3.792051956000000335e+00
3.792051956000000335e+00
3.792051956000000335e+00
3.792051956000000335e+00
3.792051956000000335e+00
3.792051956000000335e+00
3.792051956000000335e+00
7.335155257999996792e-01
-1.038276224819999882e+01
-8.364053663700000030e+00
-6.320893019299999693e+00
-4.260707752100000079e+00
-1.906312896300000004e+00
0.000000000000000000e+00
0.000000000000000000e+00
0.000000000000000000e+00
0.000000000000000000e+00
0.000000000000000000e+00
0.000000000000000000e+00
0.000000000000000000e+00
0.000000000000000000e+00
0.000000000000000000e+00
0.000000000000000000e+00
0.000000000000000000e+00
0.000000000000000000e+00
0.000000000000000000e+00
0.000000000000000000e+00
0.000000000000000000e+00
0.000000000000000000e+00
0.000000000000000000e+00
0.000000000000000000e+00
0.000000000000000000e+00
0.000000000000000000e+00
5.499515459999999578e+00
2.787222564299999661e+01
2.734450458499999925e+01
2.812244902400000157e+01
2.800940661499999962e+01
2.754870044499999793e+01
2.838756231499999672e+01
2.833612336899999917e+01
2.794242568099999602e+01
2.884221760999999873e+01
2.885237345300000200e+01
2.852568274799999770e+01
2.443309393449999689e+01
4.972032075000000440e+00
4.972032075000000440e+00
4.972032075000000440e+00
4.972032075000000440e+00
4.972032075000000440e+00
4.972032075000000440e+00
4.972032075000000440e+00
4.972032075000000440e+00
4.972032075000000440e+00
4.972032075000000440e+00
4.972032075000000440e+00
4.972032075000000440e+00
4.972032075000000440e+00
4.972032075000000440e+00
4.972032075000000440e+00
4.972032075000000440e+00
4.972032075000000440e+00
4.972032075000000440e+00
4.972032075000000440e+00
4.972032075000000440e+00
4.972032075000000440e+00
4.972032075000000440e+00
4.972032075000000440e+00
1.352824582000000220e+00
-1.257533868999999882e+01
-1.248971310900000020e+01
-1.238569641900000029e+01
-1.226409430899999897e+01
-1.222492121099999984e+01
-1.189095387699999939e+01
-9.694952403699998555e+00
-7.814792645399999849e+00
-5.912544986700000393e+00
-3.994918760599999619e+00
-1.797376410800000102e+00
0.000000000000000000e+00
0.000000000000000000e+00
0.000000000000000000e+00
0.000000000000000000e+00
0.000000000000000000e+00
0.000000000000000000e+00
0.000000000000000000e+00
0.000000000000000000e+00
0.000000000000000000e+00
0.000000000000000000e+00
0.000000000000000000e+00
0.000000000000000000e+00
0.000000000000000000e+00
0.000000000000000000e+00
0.000000000000000000e+00
0.000000000000000000e+00
0.000000000000000000e+00
0.000000000000000000e+00
0.000000000000000000e+00
0.000000000000000000e+00
4.074396093999999913e+00
2.075921462000000162e+01
2.095123696299999949e+01
2.152777440399999875e+01
2.083181175200000013e+01
2.087723987100000045e+01
2.111477772399999964e+01
2.173177607799999933e+01
2.108199335300000143e+01
2.117071406999999894e+01
2.145377329200000105e+01
2.266403089699999995e+01
2.314578744500000340e+01
1.946923798699999963e+01
2.178233311700000030e+01
2.212215769199999826e+01
2.283007540199999852e+01
2.228400930900000176e+01
2.246999780799999868e+01
2.285536469799999892e+01
2.360374567100000220e+01
2.310383035199999924e+01
2.333311144799999681e+01
2.376403344299999887e+01
2.455286933699999707e+01
2.409910033999999968e+01
2.072098136110000155e+01
7.151820131500000066e+00
7.151820131500000066e+00
7.151820131500000066e+00
7.151820131500000066e+00
7.151820131500000066e+00
7.151820131500000066e+00
7.151820131500000066e+00
7.151820131500000066e+00
7.151820131500000066e+00
7.151820131500000066e+00
7.151820131500000066e+00
4.241799189700000028e+00
-6.681713350600000823e+00
-6.653653413899999869e+00
-6.399168152699999723e+00
-6.935254292099999773e+00
-6.882413328000000163e+00
-6.607883523599999975e+00
-7.103567140100000010e+00
-4.573761906399999688e+00
5.268873132000001291e+00
5.268873132000001291e+00
5.268873132000001291e+00
5.268873132000001291e+00
5.268873132000001291e+00
5.268873132000001291e+00
5.268873132000001291e+00
5.268873132000001291e+00
5.268873132000001291e+00
5.268873132000001291e+00
5.268873132000001291e+00
5.268873132000001291e+00
1.558325218600000506e+00
-1.264370598700000059e+01
-1.268702164299999957e+01
-1.291199468599999989e+01
-1.238569641900000029e+01
-1.226409430899999897e+01
-1.212571247400000019e+01
-1.154279796099999977e+01
-9.831096952500001152e+00
-8.105074798699998695e+00
-5.912544986700000393e+00
-3.994918760599999619e+00
-1.797376410800000102e+00
0.000000000000000000e+00
0.000000000000000000e+00
0.000000000000000000e+00
0.000000000000000000e+00
0.000000000000000000e+00
0.000000000000000000e+00
0.000000000000000000e+00
0.000000000000000000e+00
0.000000000000000000e+00
0.000000000000000000e+00
0.000000000000000000e+00
0.000000000000000000e+00
0.000000000000000000e+00
0.000000000000000000e+00
0.000000000000000000e+00
0.000000000000000000e+00
0.000000000000000000e+00
0.000000000000000000e+00
7.460013706999999883e+00
3.790635132700000298e+01
3.740429446899999988e+01
3.804658577099999661e+01
3.069952610650000224e+01
3.792051956000000335e+00
3.792051956000000335e+00
3.792051956000000335e+00
3.792051956000000335e+00
3.792051956000000335e+00
3.792051956000000335e+00
3.792051956000000335e+00
7.335155257999996792e-01
-1.038276224819999882e+01
-8.364053663700000030e+00
-6.320893019200000573e+00
-4.260707752100000079e+00
-1.906312896300000004e+00
0.000000000000000000e+00
0.000000000000000000e+00
0.000000000000000000e+00
0.000000000000000000e+00
0.000000000000000000e+00
0.000000000000000000e+00
0.000000000000000000e+00
0.000000000000000000e+00
0.000000000000000000e+00
0.000000000000000000e+00
0.000000000000000000e+00
0.000000000000000000e+00
0.000000000000000000e+00
0.000000000000000000e+00
0.000000000000000000e+00
0.000000000000000000e+00
0.000000000000000000e+00
0.000000000000000000e+00
0.000000000000000000e+00
0.000000000000000000e+00
5.499515459999999578e+00
2.787222564299999661e+01
2.734450458499999925e+01
2.812244902400000157e+01
2.800940661499999962e+01
2.754870044499999793e+01
2.838756231499999672e+01
2.833612336799999909e+01
2.794242568099999602e+01
2.884221760999999873e+01
2.885237345400000208e+01
2.852568274899999778e+01
2.443309393449999689e+01
4.972032075000000440e+00
4.972032075000000440e+00
4.972032075000000440e+00
4.972032075000000440e+00
4.972032075000000440e+00
4.972032075000000440e+00
4.972032075000000440e+00
4.972032075000000440e+00
4.972032075000000440e+00
4.972032075000000440e+00
4.972032075000000440e+00
4.972032075000000440e+00
4.972032075000000440e+00
4.972032075000000440e+00
4.972032075000000440e+00
4.972032075000000440e+00
4.972032075000000440e+00
4.972032075000000440e+00
4.972032075000000440e+00
4.972032075000000440e+00
4.972032075000000440e+00
4.972032075000000440e+00
4.972032075000000440e+00
1.352824582000000220e+00
-1.257533868999999882e+01
-1.248971310800000012e+01
-1.238569641900000029e+01
-1.226409430899999897e+01
-1.222492121099999984e+01
-1.189095387699999939e+01
-9.694952403699998555e+00
-7.814792645199998944e+00
-5.912544986600000385e+00
-3.994918760599999619e+00
-1.797376410800000102e+00
0.000000000000000000e+00
0.000000000000000000e+00
0.000000000000000000e+00
0.000000000000000000e+00
0.000000000000000000e+00
0.000000000000000000e+00
0.000000000000000000e+00
0.000000000000000000e+00
0.000000000000000000e+00
0.000000000000000000e+00
0.000000000000000000e+00
0.000000000000000000e+00
0.000000000000000000e+00
0.000000000000000000e+00
0.000000000000000000e+00
0.000000000000000000e+00
0.000000000000000000e+00
0.000000000000000000e+00
0.000000000000000000e+00
0.000000000000000000e+00
4.074396093999999913e+00
2.075921462000000162e+01
2.095123696299999949e+01
2.152777440299999867e+01
2.083181175300000021e+01
2.087723987100000045e+01
2.111477772399999964e+01
2.173177607699999925e+01
2.108199335300000143e+01
2.117071406899999886e+01
2.145377329200000105e+01
2.266403089699999995e+01
2.314578744600000348e+01
1.946923798599999955e+01
2.178233311800000394e+01
2.212215769199999826e+01
2.283007540199999852e+01
2.228400930900000176e+01
2.246999780799999868e+01
2.285536469799999892e+01
2.360374567200000229e+01
2.310383035099999915e+01
2.333311144699999673e+01
2.376403344299999887e+01
2.455286933699999707e+01
2.409910033899999959e+01
2.072098136010000147e+01
7.151820131500000066e+00
7.151820131500000066e+00
7.151820131500000066e+00
7.151820131500000066e+00
7.151820131500000066e+00
7.151820131500000066e+00
7.151820131500000066e+00
7.151820131500000066e+00
7.151820131500000066e+00
7.151820131500000066e+00
7.151820131500000066e+00
4.241799189700000028e+00
-6.681713350499999926e+00
-6.653653413999999877e+00
-6.399168152499998818e+00
-6.935254292000000653e+00
-6.882413328000000163e+00
-6.607883523499999967e+00
-7.103567140100000010e+00
-4.573761906299999680e+00
5.268873132499999556e+00
5.268873132499999556e+00
5.268873132499999556e+00
5.268873132499999556e+00
5.268873132499999556e+00
5.268873132499999556e+00
5.268873132499999556e+00
5.268873132499999556e+00
5.268873132499999556e+00
5.268873132499999556e+00
5.268873132499999556e+00
5.268873132499999556e+00
1.558325218999999873e+00
-1.264370598700000059e+01
-1.268702164299999957e+01
-1.291199468599999989e+01
-1.238569641900000029e+01
-1.226409430899999897e+01
-1.212571247400000019e+01
-1.154279796099999977e+01
-9.831096952600001160e+00
-8.105074798800000480e+00
-5.912544986600000385e+00
-3.994918760599999619e+00
-1.797376410800000102e+00
0.000000000000000000e+00
0.000000000000000000e+00
0.000000000000000000e+00
0.000000000000000000e+00
0.000000000000000000e+00
0.000000000000000000e+00
0.000000000000000000e+00
0.000000000000000000e+00
0.000000000000000000e+00
0.000000000000000000e+00
0.000000000000000000e+00
0.000000000000000000e+00
0.000000000000000000e+00
0.000000000000000000e+00
0.000000000000000000e+00
0.000000000000000000e+00
0.000000000000000000e+00
0.000000000000000000e+00
7.460013706999999883e+00
3.790635132700000298e+01
3.740429446899999988e+01
3.804658577099999661e+01
3.069952610850000241e+01
3.792051956000000335e+00
3.792051956000000335e+00
3.792051956000000335e+00
3.792051956000000335e+00
3.792051956000000335e+00
3.792051956000000335e+00
3.792051956000000335e+00
7.335155257999996792e-01
-1.038276224809999881e+01
-8.364053663700000030e+00
-6.320893019200000573e+00
-4.260707752100000079e+00
-1.906312896300000004e+00
0.000000000000000000e+00
0.000000000000000000e+00
0.000000000000000000e+00
0.000000000000000000e+00
0.000000000000000000e+00
0.000000000000000000e+00
0.000000000000000000e+00
0.000000000000000000e+00
0.000000000000000000e+00
0.000000000000000000e+00
0.000000000000000000e+00
0.000000000000000000e+00
0.000000000000000000e+00
0.000000000000000000e+00
0.000000000000000000e+00
0.000000000000000000e+00
0.000000000000000000e+00
0.000000000000000000e+00
0.000000000000000000e+00
0.000000000000000000e+00
5.499515459999999578e+00
2.787222564299999661e+01
2.734450458599999934e+01
2.812244902300000149e+01
2.800940661499999962e+01
2.754870044499999793e+01
2.838756231499999672e+01
2.833612336899999917e+01
2.794242568199999965e+01
2.884221760999999873e+01
2.885237345400000208e+01
2.852568274899999778e+01
2.443309393449999689e+01
4.972032075000000440e+00
4.972032075000000440e+00
4.972032075000000440e+00
4.972032075000000440e+00
4.972032075000000440e+00
4.972032075000000440e+00
4.972032075000000440e+00
4.972032075000000440e+00
4.972032075000000440e+00
4.972032075000000440e+00
4.972032075000000440e+00
4.972032075000000440e+00
4.972032075000000440e+00
4.972032075000000440e+00
4.972032075000000440e+00
4.972032075000000440e+00
4.972032075000000440e+00
4.972032075000000440e+00
4.972032075000000440e+00
4.972032075000000440e+00
4.972032075000000440e+00
4.972032075000000440e+00
4.972032075000000440e+00
1.352824582000000220e+00
-1.257533868999999882e+01
-1.248971310800000012e+01
-1.238569641900000029e+01
-1.226409430899999897e+01
-1.222492121099999984e+01
-1.189095387699999939e+01
-9.694952403400000307e+00
-7.814792645199998944e+00
-5.912544986600000385e+00
-3.994918760599999619e+00
-1.797376410800000102e+00
0.000000000000000000e+00
0.000000000000000000e+00
0.000000000000000000e+00
0.000000000000000000e+00
0.000000000000000000e+00
0.000000000000000000e+00
0.000000000000000000e+00
0.000000000000000000e+00
0.000000000000000000e+00
0.000000000000000000e+00
0.000000000000000000e+00
0.000000000000000000e+00
0.000000000000000000e+00
0.000000000000000000e+00
0.000000000000000000e+00
0.000000000000000000e+00
0.000000000000000000e+00
0.000000000000000000e+00
0.000000000000000000e+00
0.000000000000000000e+00
4.074396093999999913e+00
2.075921462000000162e+01
2.095123696399999957e+01
2.152777440399999875e+01
2.083181175200000013e+01
2.087723987100000045e+01
2.111477772399999964e+01
2.173177607799999933e+01
2.108199335300000143e+01
2.117071406999999894e+01
2.145377329200000105e+01
2.266403089800000004e+01
2.314578744600000348e+01
1.946923798699999963e+01
2.178233311700000030e+01
2.212215769199999826e+01
2.283007540199999852e+01
2.228400930900000176e+01
2.246999780799999868e+01
2.285536469799999892e+01
2.360374567200000229e+01
2.310383035099999915e+01
2.333311144799999681e+01
2.376403344299999887e+01
2.455286933699999707e+01
2.409910034100000331e+01
2.072098136010000147e+01
7.151820131500000066e+00
7.151820131500000066e+00
7.151820131500000066e+00
7.151820131500000066e+00
7.151820131500000066e+00
7.151820131500000066e+00
7.151820131500000066e+00
7.151820131500000066e+00
7.151820131500000066e+00
7.151820131500000066e+00
7.151820131500000066e+00
4.241799189700000028e+00
-6.681713350600000823e+00
-6.653653413899999869e+00
-6.399168152499998818e+00
-6.935254292099999773e+00
-6.882413328000000163e+00
-6.607883523599999975e+00
-7.103567139899999106e+00
-4.573761906299999680e+00
5.268873132499999556e+00
5.268873132499999556e+00
5.268873132499999556e+00
5.268873132499999556e+00
5.268873132499999556e+00
5.268873132499999556e+00
5.268873132499999556e+00
5.268873132499999556e+00
5.268873132499999556e+00
5.268873132499999556e+00
5.268873132499999556e+00
5.268873132499999556e+00
1.558325218999999873e+00
-1.264370598700000059e+01
-1.268702164299999957e+01
-1.291199468599999989e+01
-1.238569641900000029e+01
-1.226409430899999897e+01
-1.212571247400000019e+01
-1.154279796099999977e+01
-9.831096952600001160e+00
-8.105074798800000480e+00
-5.912544986600000385e+00
-3.994918760599999619e+00
-1.797376410800000102e+00
0.000000000000000000e+00
0.000000000000000000e+00
0.000000000000000000e+00
0.000000000000000000e+00
0.000000000000000000e+00
