0
0
0
0
0
0
0
0
0
0
0
0
0
0
0
0
0
0
0
0
0
0
0
0
0
0
0
0
0
0
0
0
0
0
0
0
0
0
0
0
0
0
0
0
0
0
0
0
0
0
0
0
0
0
0
0
0
0
0
0
0
0
0
0
0
0
0
0
0
0
0
0
0
0
0
0
0
0
0
0
0
0
0
0
0
0
0
0
0
0
0
0
0
0
0
0
0
0
0
0
0
0
0
0
0
0
0
0
0
0
0
7.26185844
21.78557918
36.3093115
50.83306313
65.35684178
79.88065518
94.40451105
108.9284171
123.4523811
137.9764107
152.2534238
166.3901918
180.5270437
194.6639863
208.801027
222.9381728
237.0754308
251.2128082
265.350312
279.4879493
293.9248243
308.4502013
322.9757424
337.5014552
352.0273473
366.5534267
381.0797009
395.6061777
410.1328648
424.6597699
438.8343557
452.9742113
467.114295
481.2546138
495.3951748
509.5359852
523.6770521
537.8183825
551.9599836
566.1018626
565.8336648
565.8336648
565.8336648
565.8336648
565.8336648
565.8336648
565.8336648
565.8336648
565.8336648
565.8336648
565.8336648
565.8336648
565.8336648
565.8336648
565.8336648
565.8336648
565.8336648
565.8336648
565.8336648
565.8336648
565.8336648
565.8336648
565.8336648
565.8336648
565.8336648
565.8336648
565.8336648
565.8336648
565.8336648
565.8336648
565.8336648
565.8336648
565.8336648
565.8336648
565.8336648
565.8336648
565.8336648
565.8336648
565.8336648
565.8336648
565.8336648
565.8336648
565.8336648
565.8336648
565.8336648
565.8336648
565.8336648
565.8336648
565.8336648
565.8336648
565.8336648
565.8336648
565.8336648
565.8336648
565.8336648
565.8336648
565.8336648
565.8336648
565.8336648
565.8336648
565.8336648
565.8336648
565.8336648
565.8336648
565.8336648
565.8336648
565.8336648
565.8336648
565.8336648
565.8336648
565.8336648
565.8336648
565.8336648
565.8336648
565.8336648
565.8336648
565.8336648
565.8336648
565.8336648
565.8336648
555.3710004
544.1574616
532.94373
521.7298018
510.515673
499.3013398
488.0867982
476.8720444
465.6570745
454.4418848
443.2264715
432.0108309
420.7949591
409.5788526
398.3625076
387.1459205
375.9290876
364.7120054
353.4946704
342.2770789
331.0592274
319.8411124
308.6227305
297.4040783
286.1851522
274.965949
263.7464651
252.5266974
241.3066425
230.086297
218.8656578
207.6447216
196.4234851
185.2019452
173.9800987
162.7579424
151.5354734
140.3126884
129.0895844
117.8661583
106.6424073
95.41832817
84.19391808
72.96917407
61.74409322
50.51867265
39.2929095
28.06680094
16.84034416
5.613536381
0
0
0
0
0
0
0
0
0
0
0
0
0
0
0
0
0
0
0
0
0
0
0
0
0
0
0
0
0
0
0
0
0
0
0
0
0
0
0
0
0
0
0
0
0
0
0
0
0
0
0
0
0
0
0
0
0
0
0
0
0
0
0
0
0
0
0
0
0
0
0
0
0
0
0
0
0
0
0
0
0
0
0
0
0
0
0
0
0
0
0
0
0
0
0
0
0
0
0
0
0
0
0
0
0
0
0
0
0
0
0
0
0
0
0
0
0
0
0
0
0
0
0
0
0
0
0
0
0
0
0
0
0
0
0
0
0
0
0
0
0
0
0
0
0
0
0
0
0
0
0
0
0
0
0
0
0
0
0
0
0
0
0
0
0
0
0
0
0
0
0
0
0
0
0
0
0
0
0
0
0
0
0
0
0
0
0
0
0
0
0
0
0
0
0
0
0
0
0
0
0
0
0
0
0
0
0
0
0
0
5.139220023
15.41766143
25.69610692
35.9745592
46.25302101
56.53149506
66.80998407
77.08849076
87.36701785
97.64556807
107.6954532
117.5898445
127.4842647
137.378716
147.2732011
157.1677222
167.0622818
176.9568824
186.8515264
196.7462162
206.9048869
217.1839058
227.4629822
237.7421187
248.0213182
258.3005833
268.5799168
278.8593213
289.1387996
299.4183545
309.6979886
319.9777047
330.2575054
340.5373935
350.8173718
361.0974429
371.3776095
381.6578745
391.9382404
402.21871
412.1621129
422.0585016
431.9549938
441.8515918
451.7482982
461.6451152
471.5420454
481.4390912
491.3362549
501.2335391
511.5034136
521.7852892
532.0673029
542.3494575
552.6317555
562.9141998
573.196793
583.4795379
593.7624372
604.0454936
614.3287099
624.6120887
634.8956327
645.1793448
655.4632276
665.7472839
676.0315163
686.3159275
696.6005204
706.8852976
716.7244063
726.6250884
736.5259486
746.4269893
756.3282128
766.2296217
776.1312184
786.0330052
795.9349846
805.8371591
816.2207704
826.507891
836.7952302
847.0827907
857.3705754
867.658587
877.9468281
888.2353014
898.5240098
908.8129559
919.1021424
929.3915721
939.6812476
949.9711717
960.2613472
970.5517767
980.8424629
991.1334086
1001.424617
1011.716089
1021.452977
1031.360249
1041.267773
1051.175552
1061.083589
1070.991885
1080.900444
1090.809268
1100.718359
1110.62772
1121.127716
1131.42247
1141.717522
1152.012877
1162.308537
1172.604504
1182.900781
1193.197371
1203.494276
1213.7915
1207.675951
1207.675951
1207.675951
1207.675951
1207.675951
1207.675951
1207.675951
1207.675951
1207.675951
1207.675951
1207.675951
1207.675951
1207.675951
1207.675951
1207.675951
1207.675951
1207.675951
1207.675951
1207.675951
1207.675951
1207.675951
1207.675951
1207.675951
1207.675951
1207.675951
1207.675951
1207.675951
1207.675951
1207.675951
1207.675951
1207.675951
1207.675951
1207.675951
1207.675951
1207.675951
1207.675951
1207.675951
1207.675951
1207.675951
1207.675951
1207.675951
1207.675951
1207.675951
1207.675951
1207.675951
1207.675951
1207.675951
1207.675951
1207.675951
1207.675951
1207.675951
1207.675951
1207.675951
1207.675951
1207.675951
1207.675951
1207.675951
1207.675951
1207.675951
1207.675951
1207.675951
1207.675951
1207.675951
1207.675951
1207.675951
1207.675951
1207.675951
1207.675951
1207.675951
1207.675951
1207.675951
1207.675951
1207.675951
1207.675951
1207.675951
1207.675951
1207.675951
1207.675951
1207.675951
1207.675951
1207.675951
1207.675951
1207.675951
1207.675951
1207.675951
1207.675951
1207.675951
1207.675951
1207.675951
1207.675951
1207.675951
1207.675951
1207.675951
1207.675951
1207.675951
1207.675951
1207.675951
1207.675951
1207.675951
1207.675951
1207.675951
1207.675951
1207.675951
1207.675951
1207.675951
1207.675951
1207.675951
1207.675951
1207.675951
1207.675951
1207.675951
1207.675951
1207.675951
1207.675951
1207.675951
1207.675951
1207.675951
1207.675951
1207.675951
1207.675951
1207.675951
1207.675951
1207.675951
1207.675951
1207.675951
1207.675951
1207.675951
1207.675951
1207.675951
1207.675951
1207.675951
1207.675951
1207.675951
1207.675951
1207.675951
1207.675951
1207.675951
1207.675951
1207.675951
1207.675951
1207.675951
1207.675951
1207.675951
1207.675951
1207.675951
1207.675951
1207.675951
1207.675951
1207.675951
1207.675951
1207.675951
1207.675951
1207.675951
1207.675951
1207.675951
1207.675951
1207.675951
1207.675951
1207.675951
1207.675951
1207.675951
1207.675951
1207.675951
1207.675951
1207.675951
1207.675951
1207.675951
1207.675951
1207.675951
1207.675951
1207.675951
1207.675951
1207.675951
1207.675951
1207.675951
1207.675951
1207.675951
1207.675951
1207.675951
1207.675951
1207.675951
1207.675951
1207.675951
1207.675951
1207.675951
1207.675951
1207.675951
1207.675951
1207.675951
1207.675951
1207.675951
1207.675951
1207.675951
1207.675951
1207.675951
1207.675951
1207.675951
1207.675951
1207.675951
1207.675951
1207.675951
1207.675951
1207.675951
1207.675951
1207.675951
1207.675951
1207.675951
1207.675951
1207.675951
1207.675951
1207.675951
1207.675951
1207.675951
1207.675951
1207.675951
1207.675951
1207.675951
1207.675951
1207.675951
1207.675951
1207.675951
1207.675951
1207.675951
1207.675951
1207.675951
1207.675951
1207.675951
1207.675951
1207.675951
1207.675951
1207.675951
1207.675951
1207.675951
1207.675951
1207.675951
1207.675951
1207.675951
1207.675951
1207.675951
1207.675951
1192.066418
1181.203112
1170.340109
1159.477405
1148.614999
1137.752887
1126.891067
1116.029535
1105.168289
1094.307326
1083.446644
1072.586239
1061.726109
1050.866251
1040.006662
1029.14734
1018.288281
1007.429484
996.5709439
985.7126597
974.854628
963.9968462
953.1393113
942.2820206
931.4249714
920.5681609
909.7115862
898.8552447
887.9991334
877.1432497
866.2875908
855.4321539
844.5769361
833.7219348
822.8671471
812.0125703
801.1582015
790.3040381
779.4500771
768.596316
757.7427517
746.8893817
736.0362031
725.183213
714.3304089
703.4777877
692.6253469
681.7730835
670.9209949
660.0690782
648.8523467
637.6296598
626.4071476
615.1848069
603.9626348
592.7481228
581.5351974
570.3220927
559.1088046
547.8953291
537.0139325
526.1706433
515.3271803
504.4835397
493.6397182
482.7957123
471.9515184
461.1071331
450.262553
439.4177747
428.5727947
417.7276098
406.8822166
396.0366118
385.1907921
374.3447541
363.4984947
352.6520107
341.8052987
330.9583557
320.1111785
309.2637639
298.4161089
287.5682102
276.7200649
265.87167
255.0230223
244.1741188
233.3249567
222.4755329
211.6258444
200.7758884
189.9256621
179.0751624
168.2243865
157.3733317
146.5219951
135.670374
124.8184655
113.966267
103.1137757
92.26098891
81.40790398
70.55451827
59.70082914
48.84683398
37.99253022
27.13791528
16.28298665
5.427741791
0
0
0
0
0
0
0
0
0
0
0
0
0
0
0
0
0
0
0
0
0
0
0
0
0
0
0
0
0
0
0
0
0
0
0
0
0
0
0
0
0
0
0
0
0
0
0
0
0
0
0
0
0
0
0
0
0
0
0
0
0
0
0
0
0
0
0
0
0
0
0
0
0
0
0
0
0
0
0
0
0
0
0
0
0
0
0
0
0
0
0
0
0
0
0
0
0
0
0
0
0
0
0
0
0
0
0
0
0
0
0
0
0
0
0
0
0
0
0
0
0
0
0
0
0
0
0
0
0
0
0
0
0
0
0
0
0
0
0
0
0
0
0
0
0
0
0
0
0
0
0
0
0
0
0
0
0
0
0
0
0
0
0
0
0
0
0
0
0
0
0
0
0
0
0
0
0
0
0
0
0
0
0
0
0
0
0
0
0
0
0
0
0
0
0
0
0
0
0
0
0
0
0
0
0
0
0
0
0
0
3.606306132
10.81891886
18.031533
25.24414948
32.45676923
39.66939319
46.8820223
54.09465749
61.30729969
68.51994986
75.73260891
82.94527778
90.15795742
97.37064876
104.5833527
111.7960703
119.0088023
126.2215498
133.4343136
140.6470948
148.1013685
155.6964598
163.2915736
170.8867109
178.4818728
186.0770604
193.6722747
201.2675169
208.8627881
216.4580894
223.7854425
230.9985198
238.211627
245.4247652
252.6379352
259.851138
267.0643744
274.2776456
281.4909523
288.7042955
295.9176762
303.1310953
310.3445536
317.5580523
324.7715922
331.9851742
339.1987992
346.4124683
353.6261823
360.8399421
368.0537488
375.2676033
382.4815064
389.6954591
396.9094624
404.1235172
411.3376244
418.551785
425.7659998
432.9802699
440.5381641
448.1349074
455.7317151
463.3285885
470.9255285
478.5225363
486.119613
493.7167596
501.3139773
508.9112671
516.1385172
523.3535584
530.5686676
537.7838455
544.9990932
552.2144116
559.4298017
566.6452643
573.8608004
581.076411
588.2920969
595.5078591
602.7236986
609.9396163
617.1556131
624.37169
631.5878478
638.8040876
646.0204102
653.2368166
660.4533078
667.6698846
674.886548
682.103299
689.3201385
696.5370673
703.7540865
710.971197
718.1883997
725.4056956
733.0689385
740.668954
748.269076
755.8693058
763.4696443
771.0700926
778.6706519
786.2713233
793.8721078
801.4730065
810.0220853
818.3892207
826.7564989
835.1239214
843.4914897
851.8592052
860.2270694
868.5950838
876.9632497
885.3315688
890.692829
896.7663191
902.8398914
908.9135463
914.9872846
921.0611066
927.1350131
933.2090045
939.2830814
945.3572444
952.993568
960.2144041
967.4353647
974.6564507
981.8776632
989.0990029
996.320471
1003.542068
1010.763796
1017.985654
1025.207645
1032.429768
1039.652025
1046.874417
1054.096945
1061.31961
1068.542412
1075.765353
1082.988433
1090.211654
1098.008813
1105.615178
1113.221701
1120.828385
1128.43523
1136.042237
1143.649408
1151.256743
1158.864244
1166.471911
1173.479219
1180.704279
1187.929491
1195.154857
1202.380378
1209.606055
1216.831889
1224.057881
1231.284031
1238.510341
1245.736812
1252.963444
1260.190238
1267.417196
1274.644319
1281.871606
1289.09906
1296.326681
1303.55447
1310.782428
1318.010555
1325.238854
1332.467325
1339.695968
1346.924785
1354.153776
1361.382944
1368.612287
1375.841808
1383.071508
1390.978264
1398.591541
1406.205019
1413.8187
1421.432584
1429.046672
1436.660966
1444.275466
1451.890174
1459.505091
1466.416486
1473.648498
1480.880702
1488.113098
1495.345687
1502.578469
1509.811446
1517.044619
1524.277989
1531.511556
1538.745321
1545.979286
1553.213452
1560.447818
1567.682387
1574.91716
1582.152136
1589.387317
1596.622704
1603.858298
1611.094101
1618.330111
1625.566332
1632.802763
1640.039406
1647.276261
1654.51333
1661.750613
1668.988112
1676.225827
1684.244234
1691.866044
1699.488097
1707.110395
1714.732938
1722.355728
1729.978765
1737.602051
1745.225587
1752.849373
1759.665932
1766.906435
1774.147167
1781.388129
1788.629322
1795.870747
1803.112404
1810.354295
1817.596421
1824.838782
1832.081379
1839.324214
1846.567287
1853.810599
1861.054152
1868.297945
1875.541981
1882.786259
1890.030782
1897.275549
1888.621996
1888.621996
1888.621996
1888.621996
1888.621996
1888.621996
1888.621996
1888.621996
1888.621996
1888.621996
1888.621996
1888.621996
1888.621996
1888.621996
1888.621996
1888.621996
1888.621996
1888.621996
1888.621996
1888.621996
1888.621996
1888.621996
1888.621996
1888.621996
1888.621996
1888.621996
1888.621996
1888.621996
1888.621996
1888.621996
1888.621996
1888.621996
1888.621996
1888.621996
1888.621996
1888.621996
1888.621996
1888.621996
1888.621996
1888.621996
1888.621996
1888.621996
1888.621996
1888.621996
1888.621996
1888.621996
1888.621996
1888.621996
1888.621996
1888.621996
1888.621996
1888.621996
1888.621996
1888.621996
1888.621996
1888.621996
1888.621996
1888.621996
1888.621996
1888.621996
1888.621996
1888.621996
1888.621996
1888.621996
1888.621996
1888.621996
1888.621996
1888.621996
1888.621996
1888.621996
1888.621996
1888.621996
1888.621996
1888.621996
1888.621996
1888.621996
1888.621996
1888.621996
1888.621996
1888.621996
1888.621996
1888.621996
1888.621996
1888.621996
1888.621996
1888.621996
1888.621996
1888.621996
1888.621996
1888.621996
1888.621996
1888.621996
1888.621996
1888.621996
1888.621996
1888.621996
1888.621996
1888.621996
1888.621996
1888.621996
1888.621996
1888.621996
1888.621996
1888.621996
1888.621996
1888.621996
1888.621996
1888.621996
1888.621996
1888.621996
1888.621996
1888.621996
1888.621996
1888.621996
1888.621996
1888.621996
1888.621996
1888.621996
1888.621996
1888.621996
1874.159593
1867.006081
1859.852776
1852.699679
1845.546787
1838.394101
1831.24162
1824.089342
1816.937267
1809.785394
1802.633722
1795.482251
1788.33098
1781.179908
1774.029034
1766.878357
1759.727877
1752.577592
1745.427503
1738.277608
1731.807161
1725.031993
1718.256997
1711.482173
1704.70752
1697.933038
1691.158725
1684.384581
1677.610606
1670.836799
1663.403333
1656.255609
1649.108069
1641.960713
1634.813539
1627.666548
1620.519737
1613.373107
1606.226656
1599.080384
1591.93429
1584.788374
1577.642633
1570.497068
1563.351678
1556.206462
1549.061419
1541.916548
1534.771849
1527.627321
1521.101858
1514.331739
1507.561771
1500.791954
1494.022287
1487.25277
1480.483401
1473.71418
1466.945107
1460.17618
1452.807852
1445.665227
1438.522762
1431.380458
1424.238313
1417.096326
1409.954497
1402.812826
1395.67131
1388.529949
1381.388743
1374.247691
1367.106792
1359.966045
1352.825449
1345.685004
1338.544709
1331.404562
1324.264564
1317.124713
1321.050791
1321.050791
1321.050791
1321.050791
1321.050791
1321.050791
1321.050791
1321.050791
1321.050791
1321.050791
1321.050791
1321.050791
1321.050791
1321.050791
1321.050791
1321.050791
1321.050791
1321.050791
1321.050791
1321.050791
1321.050791
1321.050791
1321.050791
1321.050791
1321.050791
1321.050791
1321.050791
1321.050791
1321.050791
1321.050791
1321.050791
1321.050791
1321.050791
1321.050791
1321.050791
1321.050791
1321.050791
1321.050791
1321.050791
1321.050791
1321.050791
1321.050791
1321.050791
1321.050791
1321.050791
1321.050791
1321.050791
1321.050791
1321.050791
1321.050791
1321.050791
1321.050791
1321.050791
1321.050791
1321.050791
1321.050791
1321.050791
1321.050791
1321.050791
1321.050791
1321.050791
1321.050791
1321.050791
1321.050791
1321.050791
1321.050791
1321.050791
1321.050791
1321.050791
1321.050791
1321.050791
1321.050791
1321.050791
1321.050791
1321.050791
1321.050791
1321.050791
1321.050791
1321.050791
1321.050791
1321.050791
1321.050791
1321.050791
1321.050791
1321.050791
1321.050791
1321.050791
1321.050791
1321.050791
1321.050791
1321.050791
1321.050791
1321.050791
1321.050791
1321.050791
1321.050791
1321.050791
1321.050791
1321.050791
1321.050791
1321.050791
1321.050791
1321.050791
1321.050791
1321.050791
1321.050791
1321.050791
1321.050791
1321.050791
1321.050791
1321.050791
1321.050791
1321.050791
1321.050791
1321.050791
1321.050791
1321.050791
1321.050791
1321.050791
1321.050791
1321.050791
1321.050791
1321.050791
1321.050791
1321.050791
1321.050791
1321.050791
1321.050791
1321.050791
1321.050791
1304.463871
1293.597272
1282.731004
1271.865065
1260.999451
1250.134161
1239.26919
1228.404537
1217.540199
1206.676173
1195.812456
1184.949045
1174.085938
1163.223132
1152.360623
1141.49841
1130.636489
1119.774858
1108.913514
1098.052454
1086.706132
1075.474236
1064.242635
1053.011325
1041.780304
1030.549568
1019.319114
1008.088939
996.8590402
985.6294145
974.854628
963.9968462
953.1393113
942.2820206
931.4249714
920.5681609
909.7115862
898.8552447
887.9991334
877.1432497
866.2875908
855.4321539
844.5769361
833.7219348
822.8671471
812.0125703
801.1582015
790.3040381
779.4500771
768.596316
757.7427517
746.8893817
736.0362031
725.183213
714.3304089
703.4777877
692.6253469
681.7730835
670.9209949
660.0690782
649.2173307
638.3657496
627.514332
616.6630753
605.8119766
594.9666436
584.124223
573.2816478
562.4389144
551.596019
540.7529581
529.909728
519.0663253
508.2227464
497.3789877
486.5350457
475.690917
464.8465981
454.0020856
443.157376
432.0108309
420.7949591
409.5788526
398.3625076
387.1459205
375.9290876
364.7120054
353.4946704
342.2770789
331.0592274
320.1111785
309.2637639
298.4161089
287.5682102
276.7200649
265.87167
255.0230223
244.1741188
233.3249567
222.4755329
211.6258444
200.7758884
189.9256621
179.0751624
168.2243865
157.3733317
146.5219951
135.670374
124.8184655
113.966267
103.1137757
92.26098891
81.40790398
70.55451827
59.70082914
48.84683398
37.99253022
27.13791528
16.28298665
5.427741791
0
0
0
0
0
0
0
0
0
0
0
0
0
0
0
0
0
0
0
0
0
0
0
0
0
0
0
0
0
0
0
0
0
0
0
0
0
0
0
0
0
0
0
0
0
0
0
0
0
0
0
0
0
0
0
0
0
0
0
0
0
0
0
0
0
0
0
0
0
0
