0
0
0
0
0
0
0
0
0
0
0
0
0
0
0
0
0
0
0
0
0
0
0
0
0
0
0
0
0
0
0
0
0
0
0
0
0
0
0
0
0
0
0
0
0
0
0
0
0
0
0
0
0
0
0
0
0
0
0
0
0
0
0
0
0
0
0
0
0
0
0
0
0
0
0
0
0
0
0
0
0
0
0
0
0
0
0
0
0
0
0
0
0
0
0
0
0
0
0
0
0
0
0
0
0
0
0
0
0
0
0
36.52612055
38.07401652
38.074872
38.07615563
38.07786741
38.08000735
38.08257543
38.08557167
38.08899606
38.0928486
37.21497376
37.18964536
37.19462473
37.20000998
37.2058011
37.21199808
37.21860094
37.22560967
37.23302427
37.24084473
38.1423637
38.17006749
38.17937332
38.18910731
38.19926945
38.20985974
38.22087818
38.23232478
38.24419952
38.25650242
37.36449514
37.36984785
37.38305432
37.39666666
37.41068487
37.42510896
37.43993891
37.45517473
37.47081642
37.48686399
3.73490025
3.792051956
3.792051956
3.792051956
3.792051956
3.792051956
3.792051957
3.792051956
3.792051956
3.792051956
3.792051956
3.792051957
3.792051956
3.792051957
3.792051956
3.792051956
3.792051957
3.792051956
3.792051957
3.792051956
3.792051956
3.792051957
3.792051956
3.792051957
3.792051956
3.792051956
3.792051957
3.792051956
3.792051957
3.792051956
3.792051956
3.792051957
3.792051956
3.792051957
3.792051956
3.792051956
3.792051957
3.792051956
3.792051957
3.792051956
3.792051956
3.792051957
3.792051956
3.792051956
3.792051957
3.792051956
3.792051957
3.792051956
3.792051956
3.792051957
3.792051956
3.792051957
3.792051956
3.792051956
3.792051957
3.792051956
3.792051957
3.792051956
3.792051956
3.792051957
3.792051956
3.792051957
3.792051956
3.792051956
3.792051957
3.792051956
3.792051957
3.792051956
3.792051956
3.792051957
3.792051956
3.792051957
3.792051956
3.792051956
3.792051957
3.792051956
3.792051957
3.792051956
3.792051956
3.792051957
-11.51983863
-11.48142176
-11.28267758
-11.08358118
-10.88413998
-10.68436142
-10.48425293
-10.28382193
-10.08307584
-9.882022105
-9.68066814
-9.479021377
-9.277089242
-9.074879163
-8.872398568
-8.669654883
-8.466655536
-8.263407956
-8.059919568
-7.856197801
-7.652250082
-7.448083838
-7.243706497
-7.039125487
-6.834348234
-6.629382166
-6.424234712
-6.218913297
-6.013425349
-5.807778297
-5.601979567
-5.396036586
-5.189956783
-4.983747585
-4.777416419
-4.570970712
-4.364417892
-4.157765387
-3.951020623
-3.744191029
-3.537284032
-3.330307059
-3.123267537
-2.916172895
-2.709030559
-2.501847957
-2.294632516
-2.087391664
-1.880132828
-1.672863436
0.122210429
0
0
0
0
0
0
0
0
0
0
0
0
0
0
0
0
0
0
0
0
0
0
0
0
0
0
0
0
0
0
0
0
0
0
0
0
0
0
0
0
0
0
0
0
0
0
0
0
0
0
0
0
0
0
0
0
0
0
0
0
0
0
0
0
0
0
0
0
0
0
0
0
0
0
0
0
0
0
0
0
0
0
0
0
0
0
0
0
0
0
0
0
0
0
0
0
0
0
0
0
0
0
0
0
0
0
0
0
0
0
0
0
0
0
0
0
0
0
0
0
0
0
0
0
0
0
0
0
0
0
0
0
0
0
0
0
0
0
0
0
0
0
0
0
0
0
0
0
0
0
0
0
0
0
0
0
0
0
0
0
0
0
0
0
0
0
0
0
0
0
0
0
0
0
0
0
0
0
0
0
0
0
0
0
0
0
0
0
0
0
0
0
0
0
0
0
0
0
0
0
0
0
0
0
0
0
0
0
0
26.94989742
28.04525718
28.04568869
28.0463361
28.04719941
28.04827862
28.04957374
28.05108475
28.05281166
28.05475447
27.17869545
27.14783354
27.15031247
27.15299158
27.15587088
27.15895036
27.16223002
27.16570987
27.1693899
27.17327011
28.06311652
28.09320414
28.09787369
28.10275914
28.10786049
28.11317774
28.1187109
28.12445995
28.1304249
28.13660575
28.14300251
28.14961516
28.15644371
28.16348817
28.17074852
28.17822477
28.18591693
28.19382498
28.20194894
28.21028879
27.31739156
27.31578978
27.32442819
27.33326678
27.34230555
27.35154451
27.36098365
27.37062297
27.38046248
27.39050216
28.30975446
28.32313369
28.33420029
28.34548278
28.35698118
28.36869547
28.38062567
28.39277176
28.40513376
28.41771165
28.43050545
28.44351514
28.45674074
28.47018223
28.48383963
28.49771293
28.51180212
28.52610722
28.54062822
28.55536511
27.6455871
27.67326838
27.68806627
27.70306433
27.71826258
27.73366102
27.74925963
27.76505843
27.78105741
27.79725658
28.7459653
28.74260526
28.76006889
28.77774843
28.79564387
28.8137552
28.83208244
28.85062558
28.86938462
28.88835955
28.90755039
28.92695713
28.94657977
28.96641831
28.98647275
29.00674309
29.02722933
29.04793146
29.0688495
29.08998344
28.16325755
28.22026934
28.24122671
28.26238425
28.28374198
28.30529989
28.32705798
28.34901625
28.37117471
28.39353336
29.37177354
29.35161882
29.3754795
29.39955608
29.42384856
29.44835694
29.47308122
29.4980214
29.52317748
29.54854946
3.66883663
4.972032075
4.972032075
4.972032075
4.972032075
4.972032075
4.972032075
4.972032075
4.972032075
4.972032075
4.972032075
4.972032075
4.972032075
4.972032075
4.972032075
4.972032075
4.972032075
4.972032075
4.972032075
4.972032075
4.972032075
4.972032075
4.972032075
4.972032075
4.972032075
4.972032075
4.972032075
4.972032075
4.972032075
4.972032075
4.972032075
4.972032075
4.972032075
4.972032075
4.972032075
4.972032075
4.972032075
4.972032075
4.972032075
4.972032075
4.972032075
4.972032075
4.972032075
4.972032075
4.972032075
4.972032075
4.972032075
4.972032075
4.972032075
4.972032075
4.972032075
4.972032075
4.972032075
4.972032075
4.972032075
4.972032075
4.972032075
4.972032075
4.972032075
4.972032075
4.972032075
4.972032075
4.972032075
4.972032075
4.972032075
4.972032075
4.972032075
4.972032075
4.972032075
4.972032075
4.972032075
4.972032075
4.972032075
4.972032075
4.972032075
4.972032075
4.972032075
4.972032075
4.972032075
4.972032075
4.972032075
4.972032075
4.972032075
4.972032075
4.972032075
4.972032075
4.972032075
4.972032075
4.972032075
4.972032075
4.972032075
4.972032075
4.972032075
4.972032075
4.972032075
4.972032075
4.972032075
4.972032075
4.972032075
4.972032075
4.972032075
4.972032075
4.972032075
4.972032075
4.972032075
4.972032075
4.972032075
4.972032075
4.972032075
4.972032075
4.972032075
4.972032075
4.972032075
4.972032075
4.972032075
4.972032075
4.972032075
4.972032075
4.972032075
4.972032075
4.972032075
4.972032075
4.972032075
4.972032075
4.972032075
4.972032075
4.972032075
4.972032075
4.972032075
4.972032075
4.972032075
4.972032075
4.972032075
4.972032075
4.972032075
4.972032075
4.972032075
4.972032075
4.972032075
4.972032075
4.972032075
4.972032075
4.972032075
4.972032075
4.972032075
4.972032075
4.972032075
4.972032075
4.972032075
4.972032075
4.972032075
4.972032075
4.972032075
4.972032075
4.972032075
4.972032075
4.972032075
4.972032075
4.972032075
4.972032075
4.972032075
4.972032075
4.972032075
4.972032075
4.972032075
4.972032075
4.972032075
4.972032075
4.972032075
4.972032075
4.972032075
4.972032075
4.972032075
4.972032075
4.972032075
4.972032075
4.972032075
4.972032075
4.972032075
4.972032075
4.972032075
4.972032075
4.972032075
4.972032075
4.972032075
4.972032075
4.972032075
4.972032075
4.972032075
4.972032075
4.972032075
4.972032075
4.972032075
4.972032075
4.972032075
4.972032075
4.972032075
4.972032075
4.972032075
4.972032075
4.972032075
4.972032075
4.972032075
4.972032075
4.972032075
4.972032075
4.972032075
4.972032075
4.972032075
4.972032075
4.972032075
4.972032075
4.972032075
4.972032075
4.972032075
4.972032075
4.972032075
4.972032075
4.972032075
4.972032075
4.972032075
4.972032075
4.972032075
4.972032075
4.972032075
4.972032075
4.972032075
4.972032075
4.972032075
4.972032075
4.972032075
4.972032075
4.972032075
4.972032075
4.972032075
4.972032075
4.972032075
4.972032075
4.972032075
4.972032075
-13.63289899
-12.61511179
-12.60846226
-12.60161714
-12.59457724
-12.58734335
-12.57991628
-12.57229685
-12.56448584
-12.55648408
-12.54829237
-12.5399115
-12.5313423
-12.52258556
-12.51364208
-12.50451269
-12.49519817
-12.48569934
-12.476017
-12.46615195
-12.45610502
-12.44587698
-12.43546867
-12.42488087
-12.4141144
-12.40317007
-12.39204866
-12.38075101
-12.3692779
-12.35763014
-12.34580855
-12.33381392
-12.32164706
-12.30930878
-12.29679988
-12.28412117
-12.27127346
-12.25825754
-12.24507423
-12.23172433
-12.21820865
-12.20452799
-12.19068316
-12.17667497
-12.16250421
-12.1481717
-12.13367824
-12.11902463
-12.10421169
-12.08924022
-12.57023203
-12.55479126
-12.53787654
-12.52079572
-12.50354967
-12.33877073
-12.14126322
-11.94374674
-11.74585328
-11.54759027
-10.91155807
-10.71853453
-10.53334293
-10.34783316
-10.16201193
-9.975885965
-9.789461959
-9.602746627
-9.415746676
-9.228468817
-9.040919759
-8.853106212
-8.665034884
-8.476712485
-8.288145725
-8.099341312
-7.910305956
-7.721046367
-7.531569253
-7.341881324
-7.15198929
-6.961899859
-6.771619741
-6.581155645
-6.390514281
-6.199702358
-6.008726586
-5.817593673
-5.626310329
-5.434883263
-5.243319186
-5.051624805
-4.85980683
-4.667871971
-4.475826937
-4.283678437
-4.091433181
-3.899097879
-3.706679238
-3.514183969
-3.321618781
-3.128990383
-2.936305485
-2.743570796
-2.550793025
-2.357978882
-2.165135076
-1.972268316
-1.779385312
-1.586492773
0.118165557
0
0
0
0
0
0
0
0
0
0
0
0
0
0
0
0
0
0
0
0
0
0
0
0
0
0
0
0
0
0
0
0
0
0
0
0
0
0
0
0
0
0
0
0
0
0
0
0
0
0
0
0
0
0
0
0
0
0
0
0
0
0
0
0
0
0
0
0
0
0
0
0
0
0
0
0
0
0
0
0
0
0
0
0
0
0
0
0
0
0
0
0
0
0
0
0
0
0
0
0
0
0
0
0
0
0
0
0
0
0
0
0
0
0
0
0
0
0
0
0
0
0
0
0
0
0
0
0
0
0
0
0
0
0
0
0
0
0
0
0
0
0
0
0
0
0
0
0
0
0
0
0
0
0
0
0
0
0
0
0
0
0
0
0
0
0
0
0
0
0
0
0
0
0
0
0
0
0
0
0
0
0
0
0
0
0
0
0
0
0
0
0
0
0
0
0
0
0
0
0
0
0
0
0
0
0
0
0
0
19.98768348
20.75627745
20.75649101
20.75681138
20.75723859
20.75777262
20.75841347
20.75916116
20.76001566
20.760977
20.76204516
20.76322014
20.76450195
20.76589059
20.76738605
20.76898834
20.77069745
20.77251339
20.77443616
20.77646575
21.65955972
21.69193023
21.69441607
21.69702028
21.69974288
21.70258385
21.7055432
21.70862092
21.71181703
21.71513152
20.8319292
20.81093908
20.81441364
20.81799501
20.82168322
20.82547825
20.82938011
20.83338879
20.8375043
20.84172663
20.84605579
20.85049178
20.85503459
20.85968423
20.86444069
20.86930398
20.8742741
20.87935104
20.8845348
20.8898254
20.89522282
20.90072706
20.90633813
20.91205603
20.91788075
20.9238123
20.92985067
20.93599587
20.9422479
20.94860675
21.85789938
21.87308946
21.88013287
21.88729466
21.89457483
21.90197338
21.90949031
21.91712562
21.9248793
21.93275136
21.03222868
21.03730976
21.04511357
21.05302421
21.06104167
21.06916596
21.07739708
21.08573502
21.09417979
21.10273138
21.1113898
21.12015505
21.12902712
21.13800602
21.14709174
21.15628429
21.16558366
21.17498987
21.18450289
21.19412275
21.20384942
21.21368293
21.22362326
21.23367042
21.2438244
21.25408521
21.26445284
21.2749273
21.28550859
21.2961967
22.23172877
22.22971543
22.24131642
22.25303579
22.26487353
22.27682966
22.28890416
22.30109705
22.31340831
22.32583795
24.19992933
24.17507678
24.18916892
24.20340433
24.217783
24.23230494
24.24697015
24.26177863
24.27673038
24.29182539
18.68750088
18.85040783
18.861635
18.8729379
18.88431654
18.89577091
18.90730101
18.91890684
18.9305884
18.9423457
21.77648981
21.70208774
21.71635734
21.73073375
21.74521699
21.75980706
21.77450395
21.78930767
21.80421822
21.81923559
21.83435979
21.84959081
21.86492866
21.88037334
21.89592484
21.91158316
21.92734832
21.94322029
21.9591991
21.97528473
22.94362041
22.92009406
22.93737723
22.95477877
22.97229869
22.98993699
23.00769367
23.02556873
23.04356217
23.06167398
22.12203536
22.18582843
22.20335902
22.22099644
22.23874068
22.25659175
22.27454965
22.29261437
22.31078591
22.32906428
22.34744948
22.36594151
22.38454036
22.40324603
22.42205853
22.44097786
22.46000402
22.47913699
22.4983768
22.51772343
22.53717689
22.55673717
22.57640428
22.59617821
22.61605898
22.63604656
22.65614097
22.67634221
22.69665028
22.71706517
23.71180982
23.67095049
23.69279123
23.71475035
23.73682785
23.75902373
23.78133799
23.80377063
23.82632164
23.84899103
22.89180372
22.98183854
23.0036984
23.02566507
23.04773857
23.0699189
23.09220606
23.11460004
23.13710084
23.15970848
23.18242293
23.20524422
23.22817233
23.25120726
23.27434902
23.29759761
23.32095303
23.34441526
23.36798433
23.39166022
23.41544294
23.43933248
23.46332885
23.48743204
23.51164206
23.53595891
23.56038258
23.58491308
23.6095504
23.63429455
24.6555583
24.59727366
24.62367198
24.65018868
24.67682376
24.70357721
24.73044905
24.75743926
24.78454785
24.81177482
23.83692316
23.9532976
23.97948672
24.00578265
24.03218541
24.058695
24.08531142
24.11203466
24.13886472
24.16580161
24.19284533
24.21999587
24.24725325
24.27461744
24.30208846
24.32966631
24.35735098
24.38514248
24.4130408
24.44104596
5.307787789
7.151820131
7.151820132
7.151820131
7.151820131
7.151820131
7.151820131
7.151820132
7.151820131
7.151820131
7.151820131
7.151820131
7.151820132
7.151820131
7.151820131
7.151820131
7.151820131
7.151820132
7.151820131
7.151820131
7.151820131
7.151820131
7.151820132
7.151820131
7.151820131
7.151820131
7.151820131
7.151820132
7.151820131
7.151820131
7.151820131
7.151820131
7.151820132
7.151820131
7.151820131
7.151820131
7.151820131
7.151820132
7.151820131
7.151820131
7.151820131
7.151820131
7.151820132
7.151820131
7.151820131
7.151820131
7.151820131
7.151820132
7.151820131
7.151820131
7.151820131
7.151820131
7.151820132
7.151820131
7.151820131
7.151820131
7.151820131
7.151820132
7.151820131
7.151820131
7.151820131
7.151820131
7.151820132
7.151820131
7.151820131
7.151820131
7.151820131
7.151820132
7.151820131
7.151820131
7.151820131
7.151820131
7.151820132
7.151820131
7.151820131
7.151820131
7.151820131
7.151820132
7.151820131
7.151820131
7.151820131
7.151820131
7.151820132
7.151820131
7.151820131
7.151820131
7.151820131
7.151820132
7.151820131
7.151820131
7.151820131
7.151820131
7.151820132
7.151820131
7.151820131
7.151820131
7.151820131
7.151820132
7.151820131
7.151820131
7.151820131
7.151820131
7.151820132
7.151820131
7.151820131
7.151820131
7.151820132
7.151820131
7.151820131
7.151820131
7.151820131
7.151820132
7.151820131
7.151820131
7.151820131
7.151820131
7.151820132
7.151820131
7.151820131
7.151820131
-8.171635121
-6.624934034
-6.635573611
-6.64610738
-6.656535567
-6.6668584
-6.677076104
-6.687188905
-6.697197033
-6.707100711
-6.716900168
-6.726595629
-6.736187321
-6.745675471
-6.755060304
-6.76434205
-6.773520932
-6.78259718
-6.791571016
-6.800442671
-6.156695069
-6.230442127
-6.239126439
-6.247719818
-6.256222461
-6.264634557
-6.2729563
-6.281187884
-6.2893295
-6.297381341
-6.948129321
-6.894993906
-6.902610005
-6.910126976
-6.917545043
-6.924864434
-6.932085374
-6.939208092
-6.946232812
-6.953159762
-6.959989168
-6.966721257
-6.973356256
-6.97989439
-6.986335888
-6.992680975
-6.998929877
-7.005082822
-7.011140036
-7.017101746
-6.400706469
-6.458904821
-6.464850415
-6.470711072
-6.476486984
-6.482178345
-6.487785346
-6.493308182
-6.498747044
-6.504102125
-7.121922638
-7.078743089
-7.083532548
-7.088229555
-7.092834337
-7.097347121
-7.101768133
-7.106097601
-7.11033575
-7.114482807
-7.118538998
-7.122504551
-7.126379692
-7.130164647
-7.133859643
-7.137464907
-7.140980664
-7.144407143
-7.147744569
-7.150993169
6.105502235
5.268873132
5.268873132
5.268873132
5.268873132
5.268873132
5.268873132
5.268873132
5.268873132
5.268873132
5.268873132
5.268873132
5.268873132
5.268873132
5.268873132
5.268873132
5.268873132
5.268873132
5.268873132
5.268873132
5.268873132
5.268873132
5.268873132
5.268873132
5.268873132
5.268873132
5.268873132
5.268873132
5.268873132
5.268873132
5.268873132
5.268873132
5.268873132
5.268873132
5.268873132
5.268873132
5.268873132
5.268873132
5.268873132
5.268873132
5.268873132
5.268873132
5.268873132
5.268873132
5.268873132
5.268873132
5.268873132
5.268873132
5.268873132
5.268873132
5.268873132
5.268873132
5.268873132
5.268873132
5.268873132
5.268873132
5.268873132
5.268873132
5.268873132
5.268873132
5.268873132
5.268873132
5.268873132
5.268873132
5.268873132
5.268873132
5.268873132
5.268873132
5.268873132
5.268873132
5.268873132
5.268873132
5.268873132
5.268873132
5.268873132
5.268873132
5.268873132
5.268873132
5.268873132
5.268873132
5.268873132
5.268873132
5.268873132
5.268873132
5.268873132
5.268873132
5.268873132
5.268873132
5.268873132
5.268873132
5.268873132
5.268873132
5.268873132
5.268873132
5.268873132
5.268873132
5.268873132
5.268873132
5.268873132
5.268873132
5.268873132
5.268873132
5.268873132
5.268873132
5.268873132
5.268873132
5.268873132
5.268873132
5.268873132
5.268873132
5.268873132
5.268873132
5.268873132
5.268873132
5.268873132
5.268873132
5.268873132
5.268873132
5.268873132
5.268873132
5.268873132
5.268873132
5.268873132
5.268873132
5.268873132
5.268873132
5.268873132
5.268873132
5.268873132
5.268873132
-13.89550489
-12.67222798
-12.66764911
-12.66286632
-12.6578804
-12.65269217
-12.64730242
-12.64171197
-12.63592162
-12.62993218
-12.62374445
-12.61735923
-12.61077734
-12.60399957
-12.59702674
-12.58985965
-12.58249911
-12.57494592
-12.56720088
-12.55926481
-13.10925077
-13.07539163
-13.06565091
-13.05570928
-13.04556766
-13.03522692
-13.02468796
-13.01395167
-13.00301895
-12.99189069
-12.43836584
-12.44587698
-12.43546867
-12.42488087
-12.4141144
-12.40317007
-12.39204866
-12.38075101
-12.3692779
-12.35763014
-12.34580855
-12.33381392
-12.32164706
-12.30930878
-12.29679988
-12.28412117
-12.27127346
-12.25825754
-12.24507423
-12.23172433
-12.21820865
-12.20452799
-12.19068316
-12.17667497
-12.16250421
-12.1481717
-12.13367824
-12.11902463
-12.10421169
-12.08924022
-12.07411102
-12.0588249
-12.04338267
-12.02778512
-12.01203308
-11.88634775
-11.70267841
-11.5193011
-11.33556977
-11.15149112
-10.96707187
-10.78231872
-10.59723838
-10.41183757
-10.22612298
-10.04010134
-9.853779347
-9.667163715
-9.48026115
-9.293078364
-9.464297438
-9.277089242
-9.074879163
-8.872398568
-8.669654883
-8.466655537
-8.263407956
-8.059919568
-7.856197801
-7.652250082
-7.173484572
-6.961899859
-6.771619741
-6.581155645
-6.390514281
-6.199702358
-6.008726586
-5.817593673
-5.626310329
-5.434883264
-5.243319186
-5.051624805
-4.85980683
-4.667871971
-4.475826937
-4.283678437
-4.091433181
-3.899097879
-3.706679238
-3.514183969
-3.321618781
-3.128990383
-2.936305485
-2.743570796
-2.550793025
-2.357978882
-2.165135076
-1.972268316
-1.779385312
-1.586492773
0.118165557
0
0
0
0
0
0
0
0
0
0
0
0
0
0
0
0
0
0
0
0
0
0
0
0
0
0
0
0
0
0
0
0
0
0
0
0
0
0
0
0
0
0
0
0
0
0
0
0
0
0
0
0
0
0
0
0
0
0
0
0
0
0
0
0
0
0
0
0
0
