0
0
0
0
0
0
0
0
0
0
0
0
0
0
0
0
0
0
0
0
0
0
0
0
0
0
0
0
0
0
30.67425049
30.67425049
30.67425049
30.67425049
30.67425049
30.67425049
30.67425049
30.67425049
30.67425049
30.67425049
106.3958752
106.3958752
106.3958752
106.3958752
106.3958752
106.3958752
106.3958752
106.3958752
106.3958752
106.3958752
200.8350762
200.8350762
200.8350762
200.8350762
200.8350762
200.8350762
200.8350762
200.8350762
200.8350762
200.8350762
299.7337987
299.7337987
299.7337987
299.7337987
299.7337987
299.7337987
299.7337987
299.7337987
299.7337987
299.7337987
398.6626015
398.6626015
398.6626015
398.6626015
398.6626015
398.6626015
398.6626015
398.6626015
398.6626015
398.6626015
490.2441754
490.2441754
490.2441754
490.2441754
490.2441754
490.2441754
490.2441754
490.2441754
490.2441754
490.2441754
567.2487482
567.2487482
567.2487482
567.2487482
567.2487482
567.2487482
567.2487482
567.2487482
567.2487482
567.2487482
636.140716
636.140716
636.140716
636.140716
636.140716
636.140716
636.140716
636.140716
636.140716
636.140716
703.8595527
703.8595527
703.8595527
703.8595527
703.8595527
703.8595527
703.8595527
703.8595527
703.8595527
703.8595527
763.663455
763.663455
763.663455
763.663455
763.663455
763.663455
763.663455
763.663455
763.663455
763.663455
808.984894
808.984894
808.984894
808.984894
808.984894
808.984894
808.984894
808.984894
808.984894
808.984894
840.8198615
840.8198615
840.8198615
840.8198615
840.8198615
840.8198615
840.8198615
840.8198615
840.8198615
840.8198615
870.3715922
870.3715922
870.3715922
870.3715922
870.3715922
870.3715922
870.3715922
870.3715922
870.3715922
870.3715922
900.993799
900.993799
900.993799
900.993799
900.993799
900.993799
900.993799
900.993799
900.993799
900.993799
925.4867899
925.4867899
925.4867899
925.4867899
925.4867899
925.4867899
925.4867899
925.4867899
925.4867899
925.4867899
948.9503665
948.9503665
948.9503665
948.9503665
948.9503665
948.9503665
948.9503665
948.9503665
948.9503665
948.9503665
971.370205
971.370205
971.370205
971.370205
971.370205
971.370205
971.370205
971.370205
971.370205
971.370205
992.7897547
992.7897547
992.7897547
992.7897547
992.7897547
992.7897547
992.7897547
992.7897547
992.7897547
992.7897547
1012.125648
1012.125648
1012.125648
1012.125648
1012.125648
1012.125648
1012.125648
1012.125648
1012.125648
1012.125648
1030.481783
1030.481783
1030.481783
1030.481783
1030.481783
1030.481783
1030.481783
1030.481783
1030.481783
1030.481783
1046.737551
1046.737551
1046.737551
1046.737551
1046.737551
1046.737551
1046.737551
1046.737551
1046.737551
1046.737551
1057.81951
1057.81951
1057.81951
1057.81951
1057.81951
1057.81951
1057.81951
1057.81951
1057.81951
1057.81951
1064.882169
1064.882169
1064.882169
1064.882169
1064.882169
1064.882169
1064.882169
1064.882169
1064.882169
1064.882169
1079.450099
1079.450099
1079.450099
1079.450099
1079.450099
1079.450099
1079.450099
1079.450099
1079.450099
1079.450099
1089.318342
1089.318342
1089.318342
1089.318342
1089.318342
1089.318342
1089.318342
1089.318342
1089.318342
1089.318342
1089.091546
1089.091546
1089.091546
1089.091546
1089.091546
1089.091546
1089.091546
1089.091546
1089.091546
1089.091546
1077.662948
1077.662948
1077.662948
1077.662948
1077.662948
1077.662948
1077.662948
1077.662948
1077.662948
1077.662948
1064.52789
1064.52789
1064.52789
1064.52789
1064.52789
1064.52789
1064.52789
1064.52789
1064.52789
1064.52789
1052.351105
1052.351105
1052.351105
1052.351105
1052.351105
1052.351105
1052.351105
1052.351105
1052.351105
1052.351105
1050.573503
1050.573503
1050.573503
1050.573503
1050.573503
1050.573503
1050.573503
1050.573503
1050.573503
1050.573503
1055.720097
1055.720097
1055.720097
1055.720097
1055.720097
1055.720097
1055.720097
1055.720097
1055.720097
1055.720097
1063.930582
1063.930582
1063.930582
1063.930582
1063.930582
1063.930582
1063.930582
1063.930582
1063.930582
1063.930582
1079.450099
1079.450099
1079.450099
1079.450099
1079.450099
1079.450099
1079.450099
1079.450099
1079.450099
1079.450099
1093.559662
1093.559662
1093.559662
1093.559662
1093.559662
1093.559662
1093.559662
1093.559662
1093.559662
1093.559662
1099.418633
1099.418633
1099.418633
1099.418633
1099.418633
1099.418633
1099.418633
1099.418633
1099.418633
1099.418633
1106.721457
1106.721457
1106.721457
1106.721457
1106.721457
1106.721457
1106.721457
1106.721457
1106.721457
1106.721457
1113.761199
1113.761199
1113.761199
1113.761199
1113.761199
1113.761199
1113.761199
1113.761199
1113.761199
1113.761199
1119.873226
1119.873226
1119.873226
1119.873226
1119.873226
1119.873226
1119.873226
1119.873226
1119.873226
1119.873226
1123.850986
1123.850986
1123.850986
1123.850986
1123.850986
1123.850986
1123.850986
1123.850986
1123.850986
1123.850986
1124.774403
1124.774403
1124.774403
1124.774403
1124.774403
1124.774403
1124.774403
1124.774403
1124.774403
1124.774403
1124.774403
1124.774403
1124.774403
1124.774403
1124.774403
1124.774403
1124.774403
1124.774403
1124.774403
1124.774403
1124.774403
1124.774403
1124.774403
1124.774403
1124.774403
1124.774403
1124.774403
1124.774403
1124.774403
1124.774403
1124.774403
1124.774403
1124.774403
1124.774403
1124.774403
1124.774403
1124.774403
1124.774403
1124.774403
1124.774403
1124.774403
1124.774403
1124.774403
1124.774403
1124.774403
1124.774403
1124.774403
1124.774403
1124.774403
1124.774403
1126.905328
1126.905328
1126.905328
1126.905328
1126.905328
1126.905328
1126.905328
1126.905328
1126.905328
1126.905328
1132.097758
1132.097758
1132.097758
1132.097758
1132.097758
1132.097758
1132.097758
1132.097758
1132.097758
1132.097758
1144.6632
1144.6632
1144.6632
1144.6632
1144.6632
1144.6632
1144.6632
1144.6632
1144.6632
1144.6632
1166.496712
1166.496712
1166.496712
1166.496712
1166.496712
1166.496712
1166.496712
1166.496712
1166.496712
1166.496712
1188.848273
1188.848273
1188.848273
1188.848273
1188.848273
1188.848273
1188.848273
1188.848273
1188.848273
1188.848273
1210.318911
1210.318911
1210.318911
1210.318911
1210.318911
1210.318911
1210.318911
1210.318911
1210.318911
1210.318911
1231.794802
1231.794802
1231.794802
1231.794802
1231.794802
1231.794802
1231.794802
1231.794802
1231.794802
1231.794802
1253.276899
1253.276899
1253.276899
1253.276899
1253.276899
1253.276899
1253.276899
1253.276899
1253.276899
1253.276899
1277.008334
1277.008334
1277.008334
1277.008334
1277.008334
1277.008334
1277.008334
1277.008334
1277.008334
1277.008334
1299.32886
1299.32886
1299.32886
1299.32886
1299.32886
1299.32886
1299.32886
1299.32886
1299.32886
1299.32886
1318.56353
1318.56353
1318.56353
1318.56353
1318.56353
1318.56353
1318.56353
1318.56353
1318.56353
1318.56353
1334.715688
1334.715688
1334.715688
1334.715688
1334.715688
1334.715688
1334.715688
1334.715688
1334.715688
1334.715688
1345.52024
1345.52024
1345.52024
1345.52024
1345.52024
1345.52024
1345.52024
1345.52024
1345.52024
1345.52024
1352.450642
1352.450642
1352.450642
1352.450642
1352.450642
1352.450642
1352.450642
1352.450642
1352.450642
1352.450642
1360.852113
1360.852113
1360.852113
1360.852113
1360.852113
1360.852113
1360.852113
1360.852113
1360.852113
1360.852113
1365.504053
1365.504053
1365.504053
1365.504053
1365.504053
1365.504053
1365.504053
1365.504053
1365.504053
1365.504053
1368.567944
1368.567944
1368.567944
1368.567944
1368.567944
1368.567944
1368.567944
1368.567944
1368.567944
1368.567944
1371.631836
1371.631836
1371.631836
1371.631836
1371.631836
1371.631836
1371.631836
1371.631836
1371.631836
1371.631836
1379.255517
1379.255517
1379.255517
1379.255517
1379.255517
1379.255517
1379.255517
1379.255517
1379.255517
1379.255517
1388.458652
1388.458652
1388.458652
1388.458652
1388.458652
1388.458652
1388.458652
1388.458652
1388.458652
1388.458652
1397.662741
1397.662741
1397.662741
1397.662741
1397.662741
1397.662741
1397.662741
1397.662741
1397.662741
1397.662741
1406.868741
1406.868741
1406.868741
1406.868741
1406.868741
1406.868741
1406.868741
1406.868741
1406.868741
1406.868741
1413.77145
1413.77145
1413.77145
1413.77145
1413.77145
1413.77145
1413.77145
1413.77145
1413.77145
1413.77145
1422.213983
1422.213983
1422.213983
1422.213983
1422.213983
1422.213983
1422.213983
1422.213983
1422.213983
1422.213983
1426.80242
1426.80242
1426.80242
1426.80242
1426.80242
1426.80242
1426.80242
1426.80242
1426.80242
1426.80242
1429.868699
1429.868699
1429.868699
1429.868699
1429.868699
1429.868699
1429.868699
1429.868699
1429.868699
1429.868699
1432.935455
1432.935455
1432.935455
1432.935455
1432.935455
1432.935455
1432.935455
1432.935455
1432.935455
1432.935455
1436.001735
1436.001735
1436.001735
1436.001735
1436.001735
1436.001735
1436.001735
1436.001735
1436.001735
1436.001735
1439.068491
1439.068491
1439.068491
1439.068491
1439.068491
1439.068491
1439.068491
1439.068491
1439.068491
1439.068491
1437.52055
1437.52055
1437.52055
1437.52055
1437.52055
1437.52055
1437.52055
1437.52055
1437.52055
1437.52055
1434.457136
1434.457136
1434.457136
1434.457136
1434.457136
1434.457136
1434.457136
1434.457136
1434.457136
1434.457136
1431.393722
1431.393722
1431.393722
1431.393722
1431.393722
1431.393722
1431.393722
1431.393722
1431.393722
1431.393722
1428.330785
1428.330785
1428.330785
1428.330785
1428.330785
1428.330785
1428.330785
1428.330785
1428.330785
1428.330785
1427.565409
1427.565409
1427.565409
1427.565409
1427.565409
1427.565409
1427.565409
1427.565409
1427.565409
1427.565409
1427.565409
1427.565409
1427.565409
1427.565409
1427.565409
1427.565409
1427.565409
1427.565409
1427.565409
1427.565409
1429.868699
1429.868699
1429.868699
1429.868699
1429.868699
1429.868699
1429.868699
1429.868699
1429.868699
1429.868699
1432.935455
1432.935455
1432.935455
1432.935455
1432.935455
1432.935455
1432.935455
1432.935455
1432.935455
1432.935455
1433.695102
1433.695102
1433.695102
1433.695102
1433.695102
1433.695102
1433.695102
1433.695102
1433.695102
1433.695102
1436.001735
1436.001735
1436.001735
1436.001735
1436.001735
1436.001735
1436.001735
1436.001735
1436.001735
1436.001735
1434.457136
1434.457136
1434.457136
1434.457136
1434.457136
1434.457136
1434.457136
1434.457136
1434.457136
1434.457136
1431.393722
1431.393722
1431.393722
1431.393722
1431.393722
1431.393722
1431.393722
1431.393722
1431.393722
1431.393722
1428.330785
1428.330785
1428.330785
1428.330785
1428.330785
1428.330785
1428.330785
1428.330785
1428.330785
1428.330785
1418.407633
1418.407633
1418.407633
1418.407633
1418.407633
1418.407633
1418.407633
1418.407633
1418.407633
1418.407633
1410.732386
1410.732386
1410.732386
1410.732386
1410.732386
1410.732386
1410.732386
1410.732386
1410.732386
1410.732386
1406.893091
1406.893091
1406.893091
1406.893091
1406.893091
1406.893091
1406.893091
1406.893091
1406.893091
1406.893091
1408.40761
1408.40761
1408.40761
1408.40761
1408.40761
1408.40761
1408.40761
1408.40761
1408.40761
1408.40761
1413.77145
1413.77145
1413.77145
1413.77145
1413.77145
1413.77145
1413.77145
1413.77145
1413.77145
1413.77145
1424.526822
1424.526822
1424.526822
1424.526822
1424.526822
1424.526822
1424.526822
1424.526822
1424.526822
1424.526822
1432.177719
1432.177719
1432.177719
1432.177719
1432.177719
1432.177719
1432.177719
1432.177719
1432.177719
1432.177719
1440.632666
1440.632666
1440.632666
1440.632666
1440.632666
1440.632666
1440.632666
1440.632666
1440.632666
1440.632666
1449.84344
1449.84344
1449.84344
1449.84344
1449.84344
1449.84344
1449.84344
1449.84344
1449.84344
1449.84344
1459.056124
1459.056124
1459.056124
1459.056124
1459.056124
1459.056124
1459.056124
1459.056124
1459.056124
1459.056124
1465.935437
1465.935437
1465.935437
1465.935437
1465.935437
1465.935437
1465.935437
1465.935437
1465.935437
1465.935437
1474.412825
1474.412825
1474.412825
1474.412825
1474.412825
1474.412825
1474.412825
1474.412825
1474.412825
1474.412825
1483.628374
1483.628374
1483.628374
1483.628374
1483.628374
1483.628374
1483.628374
1483.628374
1483.628374
1483.628374
1492.845355
1492.845355
1492.845355
1492.845355
1492.845355
1492.845355
1492.845355
1492.845355
1492.845355
1492.845355
1497.361695
1497.361695
1497.361695
1497.361695
1497.361695
1497.361695
1497.361695
1497.361695
1497.361695
1497.361695
1495.749296
1495.749296
1495.749296
1495.749296
1495.749296
1495.749296
1495.749296
1495.749296
1495.749296
1495.749296
1495.01973
1495.01973
1495.01973
1495.01973
1495.01973
1495.01973
1495.01973
1495.01973
1495.01973
1495.01973
1492.683017
1492.683017
1492.683017
1492.683017
1492.683017
1492.683017
1492.683017
1492.683017
1492.683017
1492.683017
1491.952018
1491.952018
1491.952018
1491.952018
1491.952018
1491.952018
1491.952018
1491.952018
1491.952018
1491.952018
1494.292551
1494.292551
1494.292551
1494.292551
1494.292551
1494.292551
1494.292551
1494.292551
1494.292551
1494.292551
1497.361695
1497.361695
1497.361695
1497.361695
1497.361695
1497.361695
1497.361695
1497.361695
1497.361695
1497.361695
1500.431316
1500.431316
1500.431316
1500.431316
1500.431316
1500.431316
1500.431316
1500.431316
1500.431316
1500.431316
1503.500938
1503.500938
1503.500938
1503.500938
1503.500938
1503.500938
1503.500938
1503.500938
1503.500938
1503.500938
1506.570559
1506.570559
1506.570559
1506.570559
1506.570559
1506.570559
1506.570559
1506.570559
1506.570559
1506.570559
1507.291053
1507.291053
1507.291053
1507.291053
1507.291053
1507.291053
1507.291053
1507.291053
1507.291053
1507.291053
1507.291053
1507.291053
1507.291053
1507.291053
1507.291053
1507.291053
1507.291053
1507.291053
1507.291053
1507.291053
1504.947656
1504.947656
1504.947656
1504.947656
1504.947656
1504.947656
1504.947656
1504.947656
1504.947656
1504.947656
1497.215113
1497.215113
1497.215113
1497.215113
1497.215113
1497.215113
1497.215113
1497.215113
1497.215113
1497.215113
1490.352511
1490.352511
1490.352511
1490.352511
1490.352511
1490.352511
1490.352511
1490.352511
1490.352511
1490.352511
1481.903293
1481.903293
1481.903293
1481.903293
1481.903293
1481.903293
1481.903293
1481.903293
1481.903293
1481.903293
1475.034007
1475.034007
1475.034007
1475.034007
1475.034007
1475.034007
1475.034007
1475.034007
1475.034007
1475.034007
1466.594816
1466.594816
1466.594816
1466.594816
1466.594816
1466.594816
1466.594816
1466.594816
1466.594816
1466.594816
1455.108922
1455.108922
1455.108922
1455.108922
1455.108922
1455.108922
1455.108922
1455.108922
1455.108922
1455.108922
1445.168104
1445.168104
1445.168104
1445.168104
1445.168104
1445.168104
1445.168104
1445.168104
1445.168104
1445.168104
1440.583965
1440.583965
1440.583965
1440.583965
1440.583965
1440.583965
1440.583965
1440.583965
1440.583965
1440.583965
1444.45143
1444.45143
1444.45143
1444.45143
1444.45143
1444.45143
1444.45143
1444.45143
1444.45143
1444.45143
1452.914494
1452.914494
1452.914494
1452.914494
1452.914494
1452.914494
1452.914494
1452.914494
1452.914494
1452.914494
1457.471418
1457.471418
1457.471418
1457.471418
1457.471418
1457.471418
1457.471418
1457.471418
1457.471418
1457.471418
1460.53913
1460.53913
1460.53913
1460.53913
1460.53913
1460.53913
1460.53913
1460.53913
1460.53913
1460.53913
1458.967315
1458.967315
1458.967315
1458.967315
1458.967315
1458.967315
1458.967315
1458.967315
1458.967315
1458.967315
1458.218173
1458.218173
1458.218173
1458.218173
1458.218173
1458.218173
1458.218173
1458.218173
1458.218173
1458.218173
1458.218173
1458.218173
1458.218173
1458.218173
1458.218173
1458.218173
1458.218173
1458.218173
1458.218173
1458.218173
1460.53913
1460.53913
1460.53913
1460.53913
1460.53913
1460.53913
1460.53913
1460.53913
1460.53913
1460.53913
1461.284452
1461.284452
1461.284452
1461.284452
1461.284452
1461.284452
1461.284452
1461.284452
1461.284452
1461.284452
1461.284452
1461.284452
1461.284452
1461.284452
1461.284452
1461.284452
1461.284452
1461.284452
1461.284452
1461.284452
1458.967315
1458.967315
1458.967315
1458.967315
1458.967315
1458.967315
1458.967315
1458.967315
1458.967315
1458.967315
1444.410368
1444.410368
1444.410368
1444.410368
1444.410368
1444.410368
1444.410368
1444.410368
1444.410368
1444.410368
1410.621614
1410.621614
1410.621614
1410.621614
1410.621614
1410.621614
1410.621614
1410.621614
1410.621614
1410.621614
1341.464176
1341.464176
1341.464176
1341.464176
1341.464176
1341.464176
1341.464176
1341.464176
1341.464176
1341.464176
1272.322971
1272.322971
1272.322971
1272.322971
1272.322971
1272.322971
1272.322971
1272.322971
1272.322971
1272.322971
1217.009148
1217.009148
1217.009148
1217.009148
1217.009148
1217.009148
1217.009148
1217.009148
1217.009148
1217.009148
1194.635624
1194.635624
1194.635624
1194.635624
1194.635624
1194.635624
1194.635624
1194.635624
1194.635624
1194.635624
1187.639332
1187.639332
1187.639332
1187.639332
1187.639332
1187.639332
1187.639332
1187.639332
1187.639332
1187.639332
1185.852658
1185.852658
1185.852658
1185.852658
1185.852658
1185.852658
1185.852658
1185.852658
1185.852658
1185.852658
1188.018439
1188.018439
1188.018439
1188.018439
1188.018439
1188.018439
1188.018439
1188.018439
1188.018439
1188.018439
1197.606888
1197.606888
1197.606888
1197.606888
1197.606888
1197.606888
1197.606888
1197.606888
1197.606888
1197.606888
1214.249879
1214.249879
1214.249879
1214.249879
1214.249879
1214.249879
1214.249879
1214.249879
1214.249879
1214.249879
1239.309621
1239.309621
1239.309621
1239.309621
1239.309621
1239.309621
1239.309621
1239.309621
1239.309621
1239.309621
1269.211333
1269.211333
1269.211333
1269.211333
1269.211333
1269.211333
1269.211333
1269.211333
1269.211333
1269.211333
1302.23853
1302.23853
1302.23853
1302.23853
1302.23853
1302.23853
1302.23853
1302.23853
1302.23853
1302.23853
1324.704205
1324.704205
1324.704205
1324.704205
1324.704205
1324.704205
1324.704205
1324.704205
1324.704205
1324.704205
1338.58554
1338.58554
1338.58554
1338.58554
1338.58554
1338.58554
1338.58554
1338.58554
1338.58554
1338.58554
1346.321426
1346.321426
1346.321426
1346.321426
1346.321426
1346.321426
1346.321426
1346.321426
1346.321426
1346.321426
1350.187458
1350.187458
1350.187458
1350.187458
1350.187458
1350.187458
1350.187458
1350.187458
1350.187458
1350.187458
1355.515488
1355.515488
1355.515488
1355.515488
1355.515488
1355.515488
1355.515488
1355.515488
1355.515488
1355.515488
1359.377224
1359.377224
1359.377224
1359.377224
1359.377224
1359.377224
1359.377224
1359.377224
1359.377224
1359.377224
1364.710506
1364.710506
1364.710506
1364.710506
1364.710506
1364.710506
1364.710506
1364.710506
1364.710506
1364.710506
1373.120572
1373.120572
1373.120572
1373.120572
1373.120572
1373.120572
1373.120572
1373.120572
1373.120572
1373.120572
1386.908323
1386.908323
1386.908323
1386.908323
1386.908323
1386.908323
1386.908323
1386.908323
1386.908323
1386.908323
1395.369478
1395.369478
1395.369478
1395.369478
1395.369478
1395.369478
1395.369478
1395.369478
1395.369478
1395.369478
1406.10241
1406.10241
1406.10241
1406.10241
1406.10241
1406.10241
1406.10241
1406.10241
1406.10241
1406.10241
1420.699942
1420.699942
1420.699942
1420.699942
1420.699942
1420.699942
1420.699942
1420.699942
1420.699942
1420.699942
1426.80242
1426.80242
1426.80242
1426.80242
1426.80242
1426.80242
1426.80242
1426.80242
1426.80242
1426.80242
1429.868699
1429.868699
1429.868699
1429.868699
1429.868699
1429.868699
1429.868699
1429.868699
1429.868699
1429.868699
1432.935455
1432.935455
1432.935455
1432.935455
1432.935455
1432.935455
1432.935455
1432.935455
1432.935455
1432.935455
1445.286038
1445.286038
1445.286038
1445.286038
1445.286038
1445.286038
1445.286038
1445.286038
1445.286038
1445.286038
1455.98507
1455.98507
1455.98507
1455.98507
1455.98507
1455.98507
1455.98507
1455.98507
1455.98507
1455.98507
1460.53913
1460.53913
1460.53913
1460.53913
1460.53913
1460.53913
1460.53913
1460.53913
1460.53913
1460.53913
1461.284452
1461.284452
1461.284452
1461.284452
1461.284452
1461.284452
1461.284452
1461.284452
1461.284452
1461.284452
1458.967315
1458.967315
1458.967315
1458.967315
1458.967315
1458.967315
1458.967315
1458.967315
1458.967315
1458.967315
1455.902946
1455.902946
1455.902946
1455.902946
1455.902946
1455.902946
1455.902946
1455.902946
1455.902946
1455.902946
1443.640694
1443.640694
1443.640694
1443.640694
1443.640694
1443.640694
1443.640694
1443.640694
1443.640694
1443.640694
1426.079538
1426.079538
1426.079538
1426.079538
1426.079538
1426.079538
1426.079538
1426.079538
1426.079538
1426.079538
1410.020486
1410.020486
1410.020486
1410.020486
1410.020486
1410.020486
1410.020486
1410.020486
1410.020486
1410.020486
1399.276572
1399.276572
1399.276572
1399.276572
1399.276572
1399.276572
1399.276572
1399.276572
1399.276572
1399.276572
1392.370999
1392.370999
1392.370999
1392.370999
1392.370999
1392.370999
1392.370999
1392.370999
1392.370999
1392.370999
1386.251809
1386.251809
1386.251809
1386.251809
1386.251809
1386.251809
1386.251809
1386.251809
1386.251809
1386.251809
1382.400578
1382.400578
1382.400578
1382.400578
1382.400578
1382.400578
1382.400578
1382.400578
1382.400578
1382.400578
1379.339551
1379.339551
1379.339551
1379.339551
1379.339551
1379.339551
1379.339551
1379.339551
1379.339551
1379.339551
1371.7555
1371.7555
1371.7555
1371.7555
1371.7555
1371.7555
1371.7555
1371.7555
1371.7555
1371.7555
1347.106378
1347.106378
1347.106378
1347.106378
1347.106378
1347.106378
1347.106378
1347.106378
1347.106378
1347.106378
1318.80847
1318.80847
1318.80847
1318.80847
1318.80847
1318.80847
1318.80847
1318.80847
1318.80847
1318.80847
1291.416312
1291.416312
1291.416312
1291.416312
1291.416312
1291.416312
1291.416312
1291.416312
1291.416312
1291.416312
1268.265953
1268.265953
1268.265953
1268.265953
1268.265953
1268.265953
1268.265953
1268.265953
1268.265953
1268.265953
1262.262787
1262.262787
1262.262787
1262.262787
1262.262787
1262.262787
1262.262787
1262.262787
1262.262787
1262.262787
1275.594083
1275.594083
1275.594083
1275.594083
1275.594083
1275.594083
1275.594083
1275.594083
1275.594083
1275.594083
1298.514305
1298.514305
1298.514305
1298.514305
1298.514305
1298.514305
1298.514305
1298.514305
1298.514305
1298.514305
1318.56353
1318.56353
1318.56353
1318.56353
1318.56353
1318.56353
1318.56353
1318.56353
1318.56353
1318.56353
1332.450595
1332.450595
1332.450595
1332.450595
1332.450595
1332.450595
1332.450595
1332.450595
1332.450595
1332.450595
1328.965579
1328.965579
1328.965579
1328.965579
1328.965579
1328.965579
1328.965579
1328.965579
1328.965579
1328.965579
1319.799209
1319.799209
1319.799209
1319.799209
1319.799209
1319.799209
1319.799209
1319.799209
1319.799209
1319.799209
1310.634272
1310.634272
1310.634272
1310.634272
1310.634272
1310.634272
1310.634272
1310.634272
1310.634272
1310.634272
1310.378828
1310.378828
1310.378828
1310.378828
1310.378828
1310.378828
1310.378828
1310.378828
1310.378828
1310.378828
1317.929934
1317.929934
1317.929934
1317.929934
1317.929934
1317.929934
1317.929934
1317.929934
1317.929934
1317.929934
1331.647022
1331.647022
1331.647022
1331.647022
1331.647022
1331.647022
1331.647022
1331.647022
1331.647022
1331.647022
1344.720963
1344.720963
1344.720963
1344.720963
1344.720963
1344.720963
1344.720963
1344.720963
1344.720963
1344.720963
1354.719077
1354.719077
1354.719077
1354.719077
1354.719077
1354.719077
1354.719077
1354.719077
1354.719077
1354.719077
1363.919347
1363.919347
1363.919347
1363.919347
1363.919347
1363.919347
1363.919347
1363.919347
1363.919347
1363.919347
1364.036803
1364.036803
1364.036803
1364.036803
1364.036803
1364.036803
1364.036803
1364.036803
1364.036803
1364.036803
1354.225378
1354.225378
1354.225378
1354.225378
1354.225378
1354.225378
1354.225378
1354.225378
1354.225378
1354.225378
1339.773473
1339.773473
1339.773473
1339.773473
1339.773473
1339.773473
1339.773473
1339.773473
1339.773473
1339.773473
1324.51131
1324.51131
1324.51131
1324.51131
1324.51131
1324.51131
1324.51131
1324.51131
1324.51131
1324.51131
1315.91551
1315.91551
1315.91551
1315.91551
1315.91551
1315.91551
1315.91551
1315.91551
1315.91551
1315.91551
1314.263482
1314.263482
1314.263482
1314.263482
1314.263482
1314.263482
1314.263482
1314.263482
1314.263482
1314.263482
1312.030379
1312.030379
1312.030379
1312.030379
1312.030379
1312.030379
1312.030379
1312.030379
1312.030379
1312.030379
1308.972217
1308.972217
1308.972217
1308.972217
1308.972217
1308.972217
1308.972217
1308.972217
1308.972217
1308.972217
1308.144293
1308.144293
1308.144293
1308.144293
1308.144293
1308.144293
1308.144293
1308.144293
1308.144293
1308.144293
1310.378828
1310.378828
1310.378828
1310.378828
1310.378828
1310.378828
1310.378828
1310.378828
1310.378828
1310.378828
1317.929934
1317.929934
1317.929934
1317.929934
1317.929934
1317.929934
1317.929934
1317.929934
1317.929934
1317.929934
1331.647022
1331.647022
1331.647022
1331.647022
1331.647022
1331.647022
1331.647022
1331.647022
1331.647022
1331.647022
1337.936666
1337.936666
1337.936666
1337.936666
1337.936666
1337.936666
1337.936666
1337.936666
1337.936666
1337.936666
1327.563742
1327.563742
1327.563742
1327.563742
1327.563742
1327.563742
1327.563742
1327.563742
1327.563742
1327.563742
1303.589756
1303.589756
1303.589756
1303.589756
1303.589756
1303.589756
1303.589756
1303.589756
1303.589756
1303.589756
1271.983971
1271.983971
1271.983971
1271.983971
1271.983971
1271.983971
1271.983971
1271.983971
1271.983971
1271.983971
1244.840573
1244.840573
1244.840573
1244.840573
1244.840573
1244.840573
1244.840573
1244.840573
1244.840573
1244.840573
1222.592622
1222.592622
1222.592622
1222.592622
1222.592622
1222.592622
1222.592622
1222.592622
1222.592622
1222.592622
1216.40802
1216.40802
1216.40802
1216.40802
1216.40802
1216.40802
1216.40802
1216.40802
1216.40802
1216.40802
1222.972207
1222.972207
1222.972207
1222.972207
1222.972207
1222.972207
1222.972207
1222.972207
1222.972207
1222.972207
1241.000801
1241.000801
1241.000801
1241.000801
1241.000801
1241.000801
1241.000801
1241.000801
1241.000801
1241.000801
1269.211333
1269.211333
1269.211333
1269.211333
1269.211333
1269.211333
1269.211333
1269.211333
1269.211333
1269.211333
1293.186752
1293.186752
1293.186752
1293.186752
1293.186752
1293.186752
1293.186752
1293.186752
1293.186752
1293.186752
1307.916542
1307.916542
1307.916542
1307.916542
1307.916542
1307.916542
1307.916542
1307.916542
1307.916542
1307.916542
1313.440333
1313.440333
1313.440333
1313.440333
1313.440333
1313.440333
1313.440333
1313.440333
1313.440333
1313.440333
1318.745922
1318.745922
1318.745922
1318.745922
1318.745922
1318.745922
1318.745922
1318.745922
1318.745922
1318.745922
1331.647022
1331.647022
1331.647022
1331.647022
1331.647022
1331.647022
1331.647022
1331.647022
1331.647022
1331.647022
1344.720963
1344.720963
1344.720963
1344.720963
1344.720963
1344.720963
1344.720963
1344.720963
1344.720963
1344.720963
1356.993242
1356.993242
1356.993242
1356.993242
1356.993242
1356.993242
1356.993242
1356.993242
1356.993242
1356.993242
1369.26743
1369.26743
1369.26743
1369.26743
1369.26743
1369.26743
1369.26743
1369.26743
1369.26743
1369.26743
1379.255517
1379.255517
1379.255517
1379.255517
1379.255517
1379.255517
1379.255517
1379.255517
1379.255517
1379.255517
1390.751915
1390.751915
1390.751915
1390.751915
1390.751915
1390.751915
1390.751915
1390.751915
1390.751915
1390.751915
1409.967965
1409.967965
1409.967965
1409.967965
1409.967965
1409.967965
1409.967965
1409.967965
1409.967965
1409.967965
1424.526822
1424.526822
1424.526822
1424.526822
1424.526822
1424.526822
1424.526822
1424.526822
1424.526822
1424.526822
1434.492468
1434.492468
1434.492468
1434.492468
1434.492468
1434.492468
1434.492468
1434.492468
1434.492468
1434.492468
1441.382763
1441.382763
1441.382763
1441.382763
1441.382763
1441.382763
1441.382763
1441.382763
1441.382763
1441.382763
1440.583965
1440.583965
1440.583965
1440.583965
1440.583965
1440.583965
1440.583965
1440.583965
1440.583965
1440.583965
1439.825273
1439.825273
1439.825273
1439.825273
1439.825273
1439.825273
1439.825273
1439.825273
1439.825273
1439.825273
1437.52055
1437.52055
1437.52055
1437.52055
1437.52055
1437.52055
1437.52055
1437.52055
1437.52055
1437.52055
1436.759949
1436.759949
1436.759949
1436.759949
1436.759949
1436.759949
1436.759949
1436.759949
1436.759949
1436.759949
1436.759949
1436.759949
1436.759949
1436.759949
1436.759949
1436.759949
1436.759949
1436.759949
1436.759949
1436.759949
1434.457136
1434.457136
1434.457136
1434.457136
1434.457136
1434.457136
1434.457136
1434.457136
1434.457136
1434.457136
1431.393722
1431.393722
1431.393722
1431.393722
1431.393722
1431.393722
1431.393722
1431.393722
1431.393722
1431.393722
1430.630255
1430.630255
1430.630255
1430.630255
1430.630255
1430.630255
1430.630255
1430.630255
1430.630255
1430.630255
1428.330785
1428.330785
1428.330785
1428.330785
1428.330785
1428.330785
1428.330785
1428.330785
1428.330785
1428.330785
1425.267848
1425.267848
1425.267848
1425.267848
1425.267848
1425.267848
1425.267848
1425.267848
1425.267848
1425.267848
1426.80242
1426.80242
1426.80242
1426.80242
1426.80242
1426.80242
1426.80242
1426.80242
1426.80242
1426.80242
1429.868699
1429.868699
1429.868699
1429.868699
1429.868699
1429.868699
1429.868699
1429.868699
1429.868699
1429.868699
1435.245908
1435.245908
1435.245908
1435.245908
1435.245908
1435.245908
1435.245908
1435.245908
1435.245908
1435.245908
1443.702765
1443.702765
1443.702765
1443.702765
1443.702765
1443.702765
1443.702765
1443.702765
1443.702765
1443.702765
1455.245477
1455.245477
1455.245477
1455.245477
1455.245477
1455.245477
1455.245477
1455.245477
1455.245477
1455.245477
1460.53913
1460.53913
1460.53913
1460.53913
1460.53913
1460.53913
1460.53913
1460.53913
1460.53913
1460.53913
1461.284452
1461.284452
1461.284452
1461.284452
1461.284452
1461.284452
1461.284452
1461.284452
1461.284452
1461.284452
1461.284452
1461.284452
1461.284452
1461.284452
1461.284452
1461.284452
1461.284452
1461.284452
1461.284452
1461.284452
1461.284452
1461.284452
1461.284452
1461.284452
1461.284452
1461.284452
1461.284452
1461.284452
1461.284452
1461.284452
1461.284452
1461.284452
1461.284452
1461.284452
1461.284452
1461.284452
1461.284452
1461.284452
1461.284452
1461.284452
1463.606841
1463.606841
1463.606841
1463.606841
1463.606841
1463.606841
1463.606841
1463.606841
1463.606841
1463.606841
1466.67503
1466.67503
1466.67503
1466.67503
1466.67503
1466.67503
1466.67503
1466.67503
1466.67503
1466.67503
1467.417011
1467.417011
1467.417011
1467.417011
1467.417011
1467.417011
1467.417011
1467.417011
1467.417011
1467.417011
1465.096054
1465.096054
1465.096054
1465.096054
1465.096054
1465.096054
1465.096054
1465.096054
1465.096054
1465.096054
1476.030476
1476.030476
1476.030476
1476.030476
1476.030476
1476.030476
1476.030476
1476.030476
1476.030476
1476.030476
1486.700383
1486.700383
1486.700383
1486.700383
1486.700383
1486.700383
1486.700383
1486.700383
1486.700383
1486.700383
1493.567759
1493.567759
1493.567759
1493.567759
1493.567759
1493.567759
1493.567759
1493.567759
1493.567759
1493.567759
1495.01973
1495.01973
1495.01973
1495.01973
1495.01973
1495.01973
1495.01973
1495.01973
1495.01973
1495.01973
1495.01973
1495.01973
1495.01973
1495.01973
1495.01973
1495.01973
1495.01973
1495.01973
1495.01973
1495.01973
1495.01973
1495.01973
1495.01973
1495.01973
1495.01973
1495.01973
1495.01973
1495.01973
1495.01973
1495.01973
1495.01973
1495.01973
1495.01973
1495.01973
1495.01973
1495.01973
1495.01973
1495.01973
1495.01973
1495.01973
1492.683017
1492.683017
1492.683017
1492.683017
1492.683017
1492.683017
1492.683017
1492.683017
1492.683017
1492.683017
1489.617215
1489.617215
1489.617215
1489.617215
1489.617215
1489.617215
1489.617215
1489.617215
1489.617215
1489.617215
1472.673421
1472.673421
1472.673421
1472.673421
1472.673421
1472.673421
1472.673421
1472.673421
1472.673421
1472.673421
1455.870001
1455.870001
1455.870001
1455.870001
1455.870001
1455.870001
1455.870001
1455.870001
1455.870001
1455.870001
1447.469007
1447.469007
1447.469007
1447.469007
1447.469007
1447.469007
1447.469007
1447.469007
1447.469007
1447.469007
1439.047483
1439.047483
1439.047483
1439.047483
1439.047483
1439.047483
1439.047483
1439.047483
1439.047483
1439.047483
1425.300315
1425.300315
1425.300315
1425.300315
1425.300315
1425.300315
1425.300315
1425.300315
1425.300315
1425.300315
1410.020486
1410.020486
1410.020486
1410.020486
1410.020486
1410.020486
1410.020486
1410.020486
1410.020486
1410.020486
1401.551215
1401.551215
1401.551215
1401.551215
1401.551215
1401.551215
1401.551215
1401.551215
1401.551215
1401.551215
1395.431071
1395.431071
1395.431071
1395.431071
1395.431071
1395.431071
1395.431071
1395.431071
1395.431071
1395.431071
1389.311404
1389.311404
1389.311404
1389.311404
1389.311404
1389.311404
1389.311404
1389.311404
1389.311404
1389.311404
1383.192215
1383.192215
1383.192215
1383.192215
1383.192215
1383.192215
1383.192215
1383.192215
1383.192215
1383.192215
1377.073503
1377.073503
1377.073503
1377.073503
1377.073503
1377.073503
1377.073503
1377.073503
1377.073503
1377.073503
1370.955746
1370.955746
1370.955746
1370.955746
1370.955746
1370.955746
1370.955746
1370.955746
1370.955746
1370.955746
1362.584355
1362.584355
1362.584355
1362.584355
1362.584355
1362.584355
1362.584355
1362.584355
1362.584355
1362.584355
1355.662548
1355.662548
1355.662548
1355.662548
1355.662548
1355.662548
1355.662548
1355.662548
1355.662548
1355.662548
1347.301183
1347.301183
1347.301183
1347.301183
1347.301183
1347.301183
1347.301183
1347.301183
1347.301183
1347.301183
1329.224365
1329.224365
1329.224365
1329.224365
1329.224365
1329.224365
1329.224365
1329.224365
1329.224365
1329.224365
1307.883597
1307.883597
1307.883597
1307.883597
1307.883597
1307.883597
1307.883597
1307.883597
1307.883597
1307.883597
1284.406651
1284.406651
1284.406651
1284.406651
1284.406651
1284.406651
1284.406651
1284.406651
1284.406651
1284.406651
1237.11376
1237.11376
1237.11376
1237.11376
1237.11376
1237.11376
1237.11376
1237.11376
1237.11376
1237.11376
1187.787346
1187.787346
1187.787346
1187.787346
1187.787346
1187.787346
1187.787346
1187.787346
1187.787346
1187.787346
1150.483019
1150.483019
1150.483019
1150.483019
1150.483019
1150.483019
1150.483019
1150.483019
1150.483019
1150.483019
1104.987305
1104.987305
1104.987305
1104.987305
1104.987305
1104.987305
1104.987305
1104.987305
1104.987305
1104.987305
1065.522927
1065.522927
1065.522927
1065.522927
1065.522927
1065.522927
1065.522927
1065.522927
1065.522927
1065.522927
1040.151878
1040.151878
1040.151878
1040.151878
1040.151878
1040.151878
1040.151878
1040.151878
1040.151878
1040.151878
1018.88846
1018.88846
1018.88846
1018.88846
1018.88846
1018.88846
1018.88846
1018.88846
1018.88846
1018.88846
995.6469043
995.6469043
995.6469043
995.6469043
995.6469043
995.6469043
995.6469043
995.6469043
995.6469043
995.6469043
971.3673402
971.3673402
971.3673402
971.3673402
971.3673402
971.3673402
971.3673402
971.3673402
971.3673402
971.3673402
941.2393095
941.2393095
941.2393095
941.2393095
941.2393095
941.2393095
941.2393095
941.2393095
941.2393095
941.2393095
909.8493392
909.8493392
909.8493392
909.8493392
909.8493392
909.8493392
909.8493392
909.8493392
909.8493392
909.8493392
883.3954004
883.3954004
883.3954004
883.3954004
883.3954004
883.3954004
883.3954004
883.3954004
883.3954004
883.3954004
866.8397849
866.8397849
866.8397849
866.8397849
866.8397849
866.8397849
866.8397849
866.8397849
866.8397849
866.8397849
866.5604679
866.5604679
866.5604679
866.5604679
866.5604679
866.5604679
866.5604679
866.5604679
866.5604679
866.5604679
886.7185556
886.7185556
886.7185556
886.7185556
886.7185556
886.7185556
886.7185556
886.7185556
886.7185556
886.7185556
934.8832977
934.8832977
934.8832977
934.8832977
934.8832977
934.8832977
934.8832977
934.8832977
934.8832977
934.8832977
995.5313578
995.5313578
995.5313578
995.5313578
995.5313578
995.5313578
995.5313578
995.5313578
995.5313578
995.5313578
1061.547077
1061.547077
1061.547077
1061.547077
1061.547077
1061.547077
1061.547077
1061.547077
1061.547077
1061.547077
1122.907038
1122.907038
1122.907038
1122.907038
1122.907038
1122.907038
1122.907038
1122.907038
1122.907038
1122.907038
1174.871922
1174.871922
1174.871922
1174.871922
1174.871922
1174.871922
1174.871922
1174.871922
1174.871922
1174.871922
1213.025659
1213.025659
1213.025659
1213.025659
1213.025659
1213.025659
1213.025659
1213.025659
1213.025659
1213.025659
1242.382107
1242.382107
1242.382107
1242.382107
1242.382107
1242.382107
1242.382107
1242.382107
1242.382107
1242.382107
1265.55443
1265.55443
1265.55443
1265.55443
1265.55443
1265.55443
1265.55443
1265.55443
1265.55443
1265.55443
1284.800082
1284.800082
1284.800082
1284.800082
1284.800082
1284.800082
1284.800082
1284.800082
1284.800082
1284.800082
1298.718182
1298.718182
1298.718182
1298.718182
1298.718182
1298.718182
1298.718182
1298.718182
1298.718182
1298.718182
1313.2355
1313.2355
1313.2355
1313.2355
1313.2355
1313.2355
1313.2355
1313.2355
1313.2355
1313.2355
1328.577878
1328.577878
1328.577878
1328.577878
1328.577878
1328.577878
1328.577878
1328.577878
1328.577878
1328.577878
1343.923597
1343.923597
1343.923597
1343.923597
1343.923597
1343.923597
1343.923597
1343.923597
1343.923597
1343.923597
1356.993242
1356.993242
1356.993242
1356.993242
1356.993242
1356.993242
1356.993242
1356.993242
1356.993242
1356.993242
1366.986103
1366.986103
1366.986103
1366.986103
1366.986103
1366.986103
1366.986103
1366.986103
1366.986103
1366.986103
1373.906956
1373.906956
1373.906956
1373.906956
1373.906956
1373.906956
1373.906956
1373.906956
1373.906956
1373.906956
1380.038559
1380.038559
1380.038559
1380.038559
1380.038559
1380.038559
1380.038559
1380.038559
1380.038559
1380.038559
1383.888358
1383.888358
1383.888358
1383.888358
1383.888358
1383.888358
1383.888358
1383.888358
1383.888358
1383.888358
1391.526363
1391.526363
1391.526363
1391.526363
1391.526363
1391.526363
1391.526363
1391.526363
1391.526363
1391.526363
1398.436234
1398.436234
1398.436234
1398.436234
1398.436234
1398.436234
1398.436234
1398.436234
1398.436234
1398.436234
1402.276961
1402.276961
1402.276961
1402.276961
1402.276961
1402.276961
1402.276961
1402.276961
1402.276961
1402.276961
1412.243085
1412.243085
1412.243085
1412.243085
1412.243085
1412.243085
1412.243085
1412.243085
1412.243085
1412.243085
1422.213983
1422.213983
1422.213983
1422.213983
1422.213983
1422.213983
1422.213983
1422.213983
1422.213983
1422.213983
1431.422369
1431.422369
1431.422369
1431.422369
1431.422369
1431.422369
1431.422369
1431.422369
1431.422369
1431.422369
1447.621319
1447.621319
1447.621319
1447.621319
1447.621319
1447.621319
1447.621319
1447.621319
1447.621319
1447.621319
1466.077244
1466.077244
1466.077244
1466.077244
1466.077244
1466.077244
1466.077244
1466.077244
1466.077244
1466.077244
1486.901395
1486.901395
1486.901395
1486.901395
1486.901395
1486.901395
1486.901395
1486.901395
1486.901395
1486.901395
1508.457977
1508.457977
1508.457977
1508.457977
1508.457977
1508.457977
1508.457977
1508.457977
1508.457977
1508.457977
1527.633442
1527.633442
1527.633442
1527.633442
1527.633442
1527.633442
1527.633442
1527.633442
1527.633442
1527.633442
1548.51107
1548.51107
1548.51107
1548.51107
1548.51107
1548.51107
1548.51107
1548.51107
1548.51107
1548.51107
1570.088183
1570.088183
1570.088183
1570.088183
1570.088183
1570.088183
1570.088183
1570.088183
1570.088183
1570.088183
1591.672458
1591.672458
1591.672458
1591.672458
1591.672458
1591.672458
1591.672458
1591.672458
1591.672458
1591.672458
1613.263895
1613.263895
1613.263895
1613.263895
1613.263895
1613.263895
1613.263895
1613.263895
1613.263895
1613.263895
1634.862971
1634.862971
1634.862971
1634.862971
1634.862971
1634.862971
1634.862971
1634.862971
1634.862971
1634.862971
1656.469687
1656.469687
1656.469687
1656.469687
1656.469687
1656.469687
1656.469687
1656.469687
1656.469687
1656.469687
1678.084042
1678.084042
1678.084042
1678.084042
1678.084042
1678.084042
1678.084042
1678.084042
1678.084042
1678.084042
1697.215581
1697.215581
1697.215581
1697.215581
1697.215581
1697.215581
1697.215581
1697.215581
1697.215581
1697.215581
1715.744081
1715.744081
1715.744081
1715.744081
1715.744081
1715.744081
1715.744081
1715.744081
1715.744081
1715.744081
1731.772098
1731.772098
1731.772098
1731.772098
1731.772098
1731.772098
1731.772098
1731.772098
1731.772098
1731.772098
1737.219494
1737.219494
1737.219494
1737.219494
1737.219494
1737.219494
1737.219494
1737.219494
1737.219494
1737.219494
1740.300575
1740.300575
1740.300575
1740.300575
1740.300575
1740.300575
1740.300575
1740.300575
1740.300575
1740.300575
1745.874021
1745.874021
1745.874021
1745.874021
1745.874021
1745.874021
1745.874021
1745.874021
1745.874021
1745.874021
1754.542873
1754.542873
1754.542873
1754.542873
1754.542873
1754.542873
1754.542873
1754.542873
1754.542873
1754.542873
1761.292316
1761.292316
1761.292316
1761.292316
1761.292316
1761.292316
1761.292316
1761.292316
1761.292316
1761.292316
1767.460684
1767.460684
1767.460684
1767.460684
1767.460684
1767.460684
1767.460684
1767.460684
1767.460684
1767.460684
1771.121407
1771.121407
1771.121407
1771.121407
1771.121407
1771.121407
1771.121407
1771.121407
1771.121407
1771.121407
1779.231624
1779.231624
1779.231624
1779.231624
1779.231624
1779.231624
1779.231624
1779.231624
1779.231624
1779.231624
1788.492532
1788.492532
1788.492532
1788.492532
1788.492532
1788.492532
1788.492532
1788.492532
1788.492532
1788.492532
1792.705682
1792.705682
1792.705682
1792.705682
1792.705682
1792.705682
1792.705682
1792.705682
1792.705682
1792.705682
1795.790105
1795.790105
1795.790105
1795.790105
1795.790105
1795.790105
1795.790105
1795.790105
1795.790105
1795.790105
1798.87405
1798.87405
1798.87405
1798.87405
1798.87405
1798.87405
1798.87405
1798.87405
1798.87405
1798.87405
1799.438413
1799.438413
1799.438413
1799.438413
1799.438413
1799.438413
1799.438413
1799.438413
1799.438413
1799.438413
1796.925038
1796.925038
1796.925038
1796.925038
1796.925038
1796.925038
1796.925038
1796.925038
1796.925038
1796.925038
1793.844435
1793.844435
1793.844435
1793.844435
1793.844435
1793.844435
1793.844435
1793.844435
1793.844435
1793.844435
1788.260484
1788.260484
1788.260484
1788.260484
1788.260484
1788.260484
1788.260484
1788.260484
1788.260484
1788.260484
1782.103098
1782.103098
1782.103098
1782.103098
1782.103098
1782.103098
1782.103098
1782.103098
1782.103098
1782.103098
1775.946666
1775.946666
1775.946666
1775.946666
1775.946666
1775.946666
1775.946666
1775.946666
1775.946666
1775.946666
1772.283079
1772.283079
1772.283079
1772.283079
1772.283079
1772.283079
1772.283079
1772.283079
1772.283079
1772.283079
1769.203431
1769.203431
1769.203431
1769.203431
1769.203431
1769.203431
1769.203431
1769.203431
1769.203431
1769.203431
1766.12426
1766.12426
1766.12426
1766.12426
1766.12426
1766.12426
1766.12426
1766.12426
1766.12426
1766.12426
1758.077545
1758.077545
1758.077545
1758.077545
1758.077545
1758.077545
1758.077545
1758.077545
1758.077545
1758.077545
1751.32667
1751.32667
1751.32667
1751.32667
1751.32667
1751.32667
1751.32667
1751.32667
1751.32667
1751.32667
1745.173581
1745.173581
1745.173581
1745.173581
1745.173581
1745.173581
1745.173581
1745.173581
1745.173581
1745.173581
1741.495192
1741.495192
1741.495192
1741.495192
1741.495192
1741.495192
1741.495192
1741.495192
1741.495192
1741.495192
1738.417453
1738.417453
1738.417453
1738.417453
1738.417453
1738.417453
1738.417453
1738.417453
1738.417453
1738.417453
1737.816802
1737.816802
1737.816802
1737.816802
1737.816802
1737.816802
1737.816802
1737.816802
1737.816802
1737.816802
1735.339715
1735.339715
1735.339715
1735.339715
1735.339715
1735.339715
1735.339715
1735.339715
1735.339715
1735.339715
1734.737154
1734.737154
1734.737154
1734.737154
1734.737154
1734.737154
1734.737154
1734.737154
1734.737154
1734.737154
1734.737154
1734.737154
1734.737154
1734.737154
1734.737154
1734.737154
1734.737154
1734.737154
1734.737154
1734.737154
1737.219494
1737.219494
1737.219494
1737.219494
1737.219494
1737.219494
1737.219494
1737.219494
1737.219494
1737.219494
1737.816802
1737.816802
1737.816802
1737.816802
1737.816802
1737.816802
1737.816802
1737.816802
1737.816802
1737.816802
1737.816802
1737.816802
1737.816802
1737.816802
1737.816802
1737.816802
1737.816802
1737.816802
1737.816802
1737.816802
1737.816802
1737.816802
1737.816802
1737.816802
1737.816802
1737.816802
1737.816802
1737.816802
1737.816802
1737.816802
1737.816802
1737.816802
1737.816802
1737.816802
1737.816802
1737.816802
1737.816802
1737.816802
1737.816802
1737.816802
1737.816802
1737.816802
1737.816802
1737.816802
1737.816802
1737.816802
1737.816802
1737.816802
1737.816802
1737.816802
1737.816802
1737.816802
1737.816802
1737.816802
1737.816802
1737.816802
1737.816802
1737.816802
1737.816802
1737.816802
1737.816802
1737.816802
1737.816802
1737.816802
1737.816802
1737.816802
1737.816802
1737.816802
1737.816802
1737.816802
1737.816802
1737.816802
1737.816802
1737.816802
1737.816802
1737.816802
1737.816802
1737.816802
1737.816802
1737.816802
1735.339715
1735.339715
1735.339715
1735.339715
1735.339715
1735.339715
1735.339715
1735.339715
1735.339715
1735.339715
1732.261977
1732.261977
1732.261977
1732.261977
1732.261977
1732.261977
1732.261977
1732.261977
1732.261977
1732.261977
1724.256801
1724.256801
1724.256801
1724.256801
1724.256801
1724.256801
1724.256801
1724.256801
1724.256801
1724.256801
1715.036001
1715.036001
1715.036001
1715.036001
1715.036001
1715.036001
1715.036001
1715.036001
1715.036001
1715.036001
1708.266982
1708.266982
1708.266982
1708.266982
1708.266982
1708.266982
1708.266982
1708.266982
1708.266982
1708.266982
1707.030348
1707.030348
1707.030348
1707.030348
1707.030348
1707.030348
1707.030348
1707.030348
1707.030348
1707.030348
1707.030348
1707.030348
1707.030348
1707.030348
1707.030348
1707.030348
1707.030348
1707.030348
1707.030348
1707.030348
1709.495976
1709.495976
1709.495976
1709.495976
1709.495976
1709.495976
1709.495976
1709.495976
1709.495976
1709.495976
1717.529799
1717.529799
1717.529799
1717.529799
1717.529799
1717.529799
1717.529799
1717.529799
1717.529799
1717.529799
1726.78068
1726.78068
1726.78068
1726.78068
1726.78068
1726.78068
1726.78068
1726.78068
1726.78068
1726.78068
1733.54206
1733.54206
1733.54206
1733.54206
1733.54206
1733.54206
1733.54206
1733.54206
1733.54206
1733.54206
1739.707563
1739.707563
1739.707563
1739.707563
1739.707563
1739.707563
1739.707563
1739.707563
1739.707563
1739.707563
1745.874021
1745.874021
1745.874021
1745.874021
1745.874021
1745.874021
1745.874021
1745.874021
1745.874021
1745.874021
1749.544771
1749.544771
1749.544771
1749.544771
1749.544771
1749.544771
1749.544771
1749.544771
1749.544771
1749.544771
1750.135873
1750.135873
1750.135873
1750.135873
1750.135873
1750.135873
1750.135873
1750.135873
1750.135873
1750.135873
1745.173581
1745.173581
1745.173581
1745.173581
1745.173581
1745.173581
1745.173581
1745.173581
1745.173581
1745.173581
1739.020969
1739.020969
1739.020969
1739.020969
1739.020969
1739.020969
1739.020969
1739.020969
1739.020969
1739.020969
1735.339715
1735.339715
1735.339715
1735.339715
1735.339715
1735.339715
1735.339715
1735.339715
1735.339715
1735.339715
1727.330242
1727.330242
1727.330242
1727.330242
1727.330242
1727.330242
1727.330242
1727.330242
1727.330242
1727.330242
1718.109442
1718.109442
1718.109442
1718.109442
1718.109442
1718.109442
1718.109442
1718.109442
1718.109442
1718.109442
1711.341855
1711.341855
1711.341855
1711.341855
1711.341855
1711.341855
1711.341855
1711.341855
1711.341855
1711.341855
1717.529799
1717.529799
1717.529799
1717.529799
1717.529799
1717.529799
1717.529799
1717.529799
1717.529799
1717.529799
1726.78068
1726.78068
1726.78068
1726.78068
1726.78068
1726.78068
1726.78068
1726.78068
1726.78068
1726.78068
1738.531567
1738.531567
1738.531567
1738.531567
1738.531567
1738.531567
1738.531567
1738.531567
1738.531567
1738.531567
1750.877853
1750.877853
1750.877853
1750.877853
1750.877853
1750.877853
1750.877853
1750.877853
1750.877853
1750.877853
1760.714106
1760.714106
1760.714106
1760.714106
1760.714106
1760.714106
1760.714106
1760.714106
1760.714106
1760.714106
1767.460684
1767.460684
1767.460684
1767.460684
1767.460684
1767.460684
1767.460684
1767.460684
1767.460684
1767.460684
1768.619491
1768.619491
1768.619491
1768.619491
1768.619491
1768.619491
1768.619491
1768.619491
1768.619491
1768.619491
1768.619491
1768.619491
1768.619491
1768.619491
1768.619491
1768.619491
1768.619491
1768.619491
1768.619491
1768.619491
1768.619491
1768.619491
1768.619491
1768.619491
1768.619491
1768.619491
1768.619491
1768.619491
1768.619491
1768.619491
1768.619491
1768.619491
1768.619491
1768.619491
1768.619491
1768.619491
1768.619491
1768.619491
1768.619491
1768.619491
1768.619491
1768.619491
1768.619491
1768.619491
1768.619491
1768.619491
1768.619491
1768.619491
1768.619491
1768.619491
1766.12426
1766.12426
1766.12426
1766.12426
1766.12426
1766.12426
1766.12426
1766.12426
1766.12426
1766.12426
1763.045089
1763.045089
1763.045089
1763.045089
1763.045089
1763.045089
1763.045089
1763.045089
1763.045089
1763.045089
1759.965918
1759.965918
1759.965918
1759.965918
1759.965918
1759.965918
1759.965918
1759.965918
1759.965918
1759.965918
1759.377204
1759.377204
1759.377204
1759.377204
1759.377204
1759.377204
1759.377204
1759.377204
1759.377204
1759.377204
1761.87339
1761.87339
1761.87339
1761.87339
1761.87339
1761.87339
1761.87339
1761.87339
1761.87339
1761.87339
1764.955903
1764.955903
1764.955903
1764.955903
1764.955903
1764.955903
1764.955903
1764.955903
1764.955903
1764.955903
1768.038416
1768.038416
1768.038416
1768.038416
1768.038416
1768.038416
1768.038416
1768.038416
1768.038416
1768.038416
1771.121407
1771.121407
1771.121407
1771.121407
1771.121407
1771.121407
1771.121407
1771.121407
1771.121407
1771.121407
1779.231624
1779.231624
1779.231624
1779.231624
1779.231624
1779.231624
1779.231624
1779.231624
1779.231624
1779.231624
1793.557957
1793.557957
1793.557957
1793.557957
1793.557957
1793.557957
1793.557957
1793.557957
1793.557957
1793.557957
1801.399361
1801.399361
1801.399361
1801.399361
1801.399361
1801.399361
1801.399361
1801.399361
1801.399361
1801.399361
1810.107365
1810.107365
1810.107365
1810.107365
1810.107365
1810.107365
1810.107365
1810.107365
1810.107365
1810.107365
1821.921277
1821.921277
1821.921277
1821.921277
1821.921277
1821.921277
1821.921277
1821.921277
1821.921277
1821.921277
1826.64054
1826.64054
1826.64054
1826.64054
1826.64054
1826.64054
1826.64054
1826.64054
1826.64054
1826.64054
1827.190102
1827.190102
1827.190102
1827.190102
1827.190102
1827.190102
1827.190102
1827.190102
1827.190102
1827.190102
1824.660493
1824.660493
1824.660493
1824.660493
1824.660493
1824.660493
1824.660493
1824.660493
1824.660493
1824.660493
1819.056966
1819.056966
1819.056966
1819.056966
1819.056966
1819.056966
1819.056966
1819.056966
1819.056966
1819.056966
1812.896237
1812.896237
1812.896237
1812.896237
1812.896237
1812.896237
1812.896237
1812.896237
1812.896237
1812.896237
1806.736463
1806.736463
1806.736463
1806.736463
1806.736463
1806.736463
1806.736463
1806.736463
1806.736463
1806.736463
1803.087677
1803.087677
1803.087677
1803.087677
1803.087677
1803.087677
1803.087677
1803.087677
1803.087677
1803.087677
1800.006119
1800.006119
1800.006119
1800.006119
1800.006119
1800.006119
1800.006119
1800.006119
1800.006119
1800.006119
1796.925038
1796.925038
1796.925038
1796.925038
1796.925038
1796.925038
1796.925038
1796.925038
1796.925038
1796.925038
1791.339655
1791.339655
1791.339655
1791.339655
1791.339655
1791.339655
1791.339655
1791.339655
1791.339655
1791.339655
1787.683229
1787.683229
1787.683229
1787.683229
1787.683229
1787.683229
1787.683229
1787.683229
1787.683229
1787.683229
1784.603104
1784.603104
1784.603104
1784.603104
1784.603104
1784.603104
1784.603104
1784.603104
1784.603104
1784.603104
1781.522501
1781.522501
1781.522501
1781.522501
1781.522501
1781.522501
1781.522501
1781.522501
1781.522501
1781.522501
1780.945246
1780.945246
1780.945246
1780.945246
1780.945246
1780.945246
1780.945246
1780.945246
1780.945246
1780.945246
1778.442852
1778.442852
1778.442852
1778.442852
1778.442852
1778.442852
1778.442852
1778.442852
1778.442852
1778.442852
1775.362727
1775.362727
1775.362727
1775.362727
1775.362727
1775.362727
1775.362727
1775.362727
1775.362727
1775.362727
1772.283079
1772.283079
1772.283079
1772.283079
1772.283079
1772.283079
1772.283079
1772.283079
1772.283079
1772.283079
1769.203431
1769.203431
1769.203431
1769.203431
1769.203431
1769.203431
1769.203431
1769.203431
1769.203431
1769.203431
1766.12426
1766.12426
1766.12426
1766.12426
1766.12426
1766.12426
1766.12426
1766.12426
1766.12426
1766.12426
1765.53841
1765.53841
1765.53841
1765.53841
1765.53841
1765.53841
1765.53841
1765.53841
1765.53841
1765.53841
1765.53841
1765.53841
1765.53841
1765.53841
1765.53841
1765.53841
1765.53841
1765.53841
1765.53841
1765.53841
1765.53841
1765.53841
1765.53841
1765.53841
1765.53841
1765.53841
1765.53841
1765.53841
1765.53841
1765.53841
1765.53841
1765.53841
1765.53841
1765.53841
1765.53841
1765.53841
1765.53841
1765.53841
1765.53841
1765.53841
1768.038416
1768.038416
1768.038416
1768.038416
1768.038416
1768.038416
1768.038416
1768.038416
1768.038416
1768.038416
1771.121407
1771.121407
1771.121407
1771.121407
1771.121407
1771.121407
1771.121407
1771.121407
1771.121407
1771.121407
1771.700572
1771.700572
1771.700572
1771.700572
1771.700572
1771.700572
1771.700572
1771.700572
1771.700572
1771.700572
1774.204397
1774.204397
1774.204397
1774.204397
1774.204397
1774.204397
1774.204397
1774.204397
1774.204397
1774.204397
1774.78213
1774.78213
1774.78213
1774.78213
1774.78213
1774.78213
1774.78213
1774.78213
1774.78213
1774.78213
1774.78213
1774.78213
1774.78213
1774.78213
1774.78213
1774.78213
1774.78213
1774.78213
1774.78213
1774.78213
1772.283079
1772.283079
1772.283079
1772.283079
1772.283079
1772.283079
1772.283079
1772.283079
1772.283079
1772.283079
1769.203431
1769.203431
1769.203431
1769.203431
1769.203431
1769.203431
1769.203431
1769.203431
1769.203431
1769.203431
1768.619491
1768.619491
1768.619491
1768.619491
1768.619491
1768.619491
1768.619491
1768.619491
1768.619491
1768.619491
1768.619491
1768.619491
1768.619491
1768.619491
1768.619491
1768.619491
1768.619491
1768.619491
1768.619491
1768.619491
1768.619491
1768.619491
1768.619491
1768.619491
1768.619491
1768.619491
1768.619491
1768.619491
1768.619491
1768.619491
1768.619491
1768.619491
1768.619491
1768.619491
1768.619491
1768.619491
1768.619491
1768.619491
1768.619491
1768.619491
1768.619491
1768.619491
1768.619491
1768.619491
1768.619491
1768.619491
1768.619491
1768.619491
1768.619491
1768.619491
1766.12426
1766.12426
1766.12426
1766.12426
1766.12426
1766.12426
1766.12426
1766.12426
1766.12426
1766.12426
1765.53841
1765.53841
1765.53841
1765.53841
1765.53841
1765.53841
1765.53841
1765.53841
1765.53841
1765.53841
1768.038416
1768.038416
1768.038416
1768.038416
1768.038416
1768.038416
1768.038416
1768.038416
1768.038416
1768.038416
1771.121407
1771.121407
1771.121407
1771.121407
1771.121407
1771.121407
1771.121407
1771.121407
1771.121407
1771.121407
1771.700572
1771.700572
1771.700572
1771.700572
1771.700572
1771.700572
1771.700572
1771.700572
1771.700572
1771.700572
1774.204397
1774.204397
1774.204397
1774.204397
1774.204397
1774.204397
1774.204397
1774.204397
1774.204397
1774.204397
1777.287388
1777.287388
1777.287388
1777.287388
1777.287388
1777.287388
1777.287388
1777.287388
1777.287388
1777.287388
1777.863688
1777.863688
1777.863688
1777.863688
1777.863688
1777.863688
1777.863688
1777.863688
1777.863688
1777.863688
1777.863688
1777.863688
1777.863688
1777.863688
1777.863688
1777.863688
1777.863688
1777.863688
1777.863688
1777.863688
1775.362727
1775.362727
1775.362727
1775.362727
1775.362727
1775.362727
1775.362727
1775.362727
1775.362727
1775.362727
1772.283079
1772.283079
1772.283079
1772.283079
1772.283079
1772.283079
1772.283079
1772.283079
1772.283079
1772.283079
1769.203431
1769.203431
1769.203431
1769.203431
1769.203431
1769.203431
1769.203431
1769.203431
1769.203431
1769.203431
1763.635713
1763.635713
1763.635713
1763.635713
1763.635713
1763.635713
1763.635713
1763.635713
1763.635713
1763.635713
1755.002194
1755.002194
1755.002194
1755.002194
1755.002194
1755.002194
1755.002194
1755.002194
1755.002194
1755.002194
1743.310035
1743.310035
1743.310035
1743.310035
1743.310035
1743.310035
1743.310035
1743.310035
1743.310035
1743.310035
1738.417453
1738.417453
1738.417453
1738.417453
1738.417453
1738.417453
1738.417453
1738.417453
1738.417453
1738.417453
1727.946172
1727.946172
1727.946172
1727.946172
1727.946172
1727.946172
1727.946172
1727.946172
1727.946172
1727.946172
1713.213995
1713.213995
1713.213995
1713.213995
1713.213995
1713.213995
1713.213995
1713.213995
1713.213995
1713.213995
1707.647232
1707.647232
1707.647232
1707.647232
1707.647232
1707.647232
1707.647232
1707.647232
1707.647232
1707.647232
1702.11819
1702.11819
1702.11819
1702.11819
1702.11819
1702.11819
1702.11819
1702.11819
1702.11819
1702.11819
1693.526687
1693.526687
1693.526687
1693.526687
1693.526687
1693.526687
1693.526687
1693.526687
1693.526687
1693.526687
1684.311139
1684.311139
1684.311139
1684.311139
1684.311139
1684.311139
1684.311139
1684.311139
1684.311139
1684.311139
1679.967641
1679.967641
1679.967641
1679.967641
1679.967641
1679.967641
1679.967641
1679.967641
1679.967641
1679.967641
1676.892768
1676.892768
1676.892768
1676.892768
1676.892768
1676.892768
1676.892768
1676.892768
1676.892768
1676.892768
1673.818372
1673.818372
1673.818372
1673.818372
1673.818372
1673.818372
1673.818372
1673.818372
1673.818372
1673.818372
1673.183343
1673.183343
1673.183343
1673.183343
1673.183343
1673.183343
1673.183343
1673.183343
1673.183343
1673.183343
1673.183343
1673.183343
1673.183343
1673.183343
1673.183343
1673.183343
1673.183343
1673.183343
1673.183343
1673.183343
1673.183343
1673.183343
1673.183343
1673.183343
1673.183343
1673.183343
1673.183343
1673.183343
1673.183343
1673.183343
1673.183343
1673.183343
1673.183343
1673.183343
1673.183343
1673.183343
1673.183343
1673.183343
1673.183343
1673.183343
1673.183343
1673.183343
1673.183343
1673.183343
1673.183343
1673.183343
1673.183343
1673.183343
1673.183343
1673.183343
1675.628918
1675.628918
1675.628918
1675.628918
1675.628918
1675.628918
1675.628918
1675.628918
1675.628918
1675.628918
1676.259649
1676.259649
1676.259649
1676.259649
1676.259649
1676.259649
1676.259649
1676.259649
1676.259649
1676.259649
1676.259649
1676.259649
1676.259649
1676.259649
1676.259649
1676.259649
1676.259649
1676.259649
1676.259649
1676.259649
1676.259649
1676.259649
1676.259649
1676.259649
1676.259649
1676.259649
1676.259649
1676.259649
1676.259649
1676.259649
1676.259649
1676.259649
1676.259649
1676.259649
1676.259649
1676.259649
1676.259649
1676.259649
1676.259649
1676.259649
1676.259649
1676.259649
1676.259649
1676.259649
1676.259649
1676.259649
1676.259649
1676.259649
1676.259649
1676.259649
1678.707134
1678.707134
1678.707134
1678.707134
1678.707134
1678.707134
1678.707134
1678.707134
1678.707134
1678.707134
1679.335955
1679.335955
1679.335955
1679.335955
1679.335955
1679.335955
1679.335955
1679.335955
1679.335955
1679.335955
1676.892768
1676.892768
1676.892768
1676.892768
1676.892768
1676.892768
1676.892768
1676.892768
1676.892768
1676.892768
1673.818372
1673.818372
1673.818372
1673.818372
1673.818372
1673.818372
1673.818372
1673.818372
1673.818372
1673.818372
1673.183343
1673.183343
1673.183343
1673.183343
1673.183343
1673.183343
1673.183343
1673.183343
1673.183343
1673.183343
1670.743976
1670.743976
1670.743976
1670.743976
1670.743976
1670.743976
1670.743976
1670.743976
1670.743976
1670.743976
1667.66958
1667.66958
1667.66958
1667.66958
1667.66958
1667.66958
1667.66958
1667.66958
1667.66958
1667.66958
1664.595184
1664.595184
1664.595184
1664.595184
1664.595184
1664.595184
1664.595184
1664.595184
1664.595184
1664.595184
1659.093356
1659.093356
1659.093356
1659.093356
1659.093356
1659.093356
1659.093356
1659.093356
1659.093356
1659.093356
1655.373905
1655.373905
1655.373905
1655.373905
1655.373905
1655.373905
1655.373905
1655.373905
1655.373905
1655.373905
1654.729328
1654.729328
1654.729328
1654.729328
1654.729328
1654.729328
1654.729328
1654.729328
1654.729328
1654.729328
1652.300464
1652.300464
1652.300464
1652.300464
1652.300464
1652.300464
1652.300464
1652.300464
1652.300464
1652.300464
1649.227023
1649.227023
1649.227023
1649.227023
1649.227023
1649.227023
1649.227023
1649.227023
1649.227023
1649.227023
1648.579103
1648.579103
1648.579103
1648.579103
1648.579103
1648.579103
1648.579103
1648.579103
1648.579103
1648.579103
1648.579103
1648.579103
1648.579103
1648.579103
1648.579103
1648.579103
1648.579103
1648.579103
1648.579103
1648.579103
1646.154059
1646.154059
1646.154059
1646.154059
1646.154059
1646.154059
1646.154059
1646.154059
1646.154059
1646.154059
1645.50423
1645.50423
1645.50423
1645.50423
1645.50423
1645.50423
1645.50423
1645.50423
1645.50423
1645.50423
1645.50423
1645.50423
1645.50423
1645.50423
1645.50423
1645.50423
1645.50423
1645.50423
1645.50423
1645.50423
1645.50423
1645.50423
1645.50423
1645.50423
1645.50423
1645.50423
1645.50423
1645.50423
1645.50423
1645.50423
1645.50423
1645.50423
1645.50423
1645.50423
1645.50423
1645.50423
1645.50423
1645.50423
1645.50423
1645.50423
1645.50423
1645.50423
1645.50423
1645.50423
1645.50423
1645.50423
1645.50423
1645.50423
1645.50423
1645.50423
1645.50423
1645.50423
1645.50423
1645.50423
1645.50423
1645.50423
1645.50423
1645.50423
1645.50423
1645.50423
1645.50423
1645.50423
1645.50423
1645.50423
1645.50423
1645.50423
1645.50423
1645.50423
1645.50423
1645.50423
1647.933571
1647.933571
1647.933571
1647.933571
1647.933571
1647.933571
1647.933571
1647.933571
1647.933571
1647.933571
1651.010354
1651.010354
1651.010354
1651.010354
1651.010354
1651.010354
1651.010354
1651.010354
1651.010354
1651.010354
1658.972558
1658.972558
1658.972558
1658.972558
1658.972558
1658.972558
1658.972558
1658.972558
1658.972558
1658.972558
1668.214367
1668.214367
1668.214367
1668.214367
1668.214367
1668.214367
1668.214367
1668.214367
1668.214367
1668.214367
1672.55118
1672.55118
1672.55118
1672.55118
1672.55118
1672.55118
1672.55118
1672.55118
1672.55118
1672.55118
1675.628918
1675.628918
1675.628918
1675.628918
1675.628918
1675.628918
1675.628918
1675.628918
1675.628918
1675.628918
1678.707134
1678.707134
1678.707134
1678.707134
1678.707134
1678.707134
1678.707134
1678.707134
1678.707134
1678.707134
1681.78535
1681.78535
1681.78535
1681.78535
1681.78535
1681.78535
1681.78535
1681.78535
1681.78535
1681.78535
1682.412261
1682.412261
1682.412261
1682.412261
1682.412261
1682.412261
1682.412261
1682.412261
1682.412261
1682.412261
1684.863566
1684.863566
1684.863566
1684.863566
1684.863566
1684.863566
1684.863566
1684.863566
1684.863566
1684.863566
1687.941781
1687.941781
1687.941781
1687.941781
1687.941781
1687.941781
1687.941781
1687.941781
1687.941781
1687.941781
1691.020475
1691.020475
1691.020475
1691.020475
1691.020475
1691.020475
1691.020475
1691.020475
1691.020475
1691.020475
1694.099168
1694.099168
1694.099168
1694.099168
1694.099168
1694.099168
1694.099168
1694.099168
1694.099168
1694.099168
1697.178338
1697.178338
1697.178338
1697.178338
1697.178338
1697.178338
1697.178338
1697.178338
1697.178338
1697.178338
1700.257509
1700.257509
1700.257509
1700.257509
1700.257509
1700.257509
1700.257509
1700.257509
1700.257509
1700.257509
1703.33668
1703.33668
1703.33668
1703.33668
1703.33668
1703.33668
1703.33668
1703.33668
1703.33668
1703.33668
1706.416328
1706.416328
1706.416328
1706.416328
1706.416328
1706.416328
1706.416328
1706.416328
1706.416328
1706.416328
1707.030348
1707.030348
1707.030348
1707.030348
1707.030348
1707.030348
1707.030348
1707.030348
1707.030348
1707.030348
1707.030348
1707.030348
1707.030348
1707.030348
1707.030348
1707.030348
1707.030348
1707.030348
1707.030348
1707.030348
1707.030348
1707.030348
1707.030348
1707.030348
1707.030348
1707.030348
1707.030348
1707.030348
1707.030348
1707.030348
1707.030348
1707.030348
1707.030348
1707.030348
1707.030348
1707.030348
1707.030348
1707.030348
1707.030348
1707.030348
1707.030348
1707.030348
1707.030348
1707.030348
1707.030348
1707.030348
1707.030348
1707.030348
1707.030348
1707.030348
1707.030348
1707.030348
1707.030348
1707.030348
1707.030348
1707.030348
1707.030348
1707.030348
1707.030348
1707.030348
1707.030348
1707.030348
1707.030348
1707.030348
1707.030348
1707.030348
1707.030348
1707.030348
1707.030348
1707.030348
1707.030348
1707.030348
1707.030348
1707.030348
1707.030348
1707.030348
1707.030348
1707.030348
1707.030348
1707.030348
1707.030348
1707.030348
1707.030348
1707.030348
1707.030348
1707.030348
1707.030348
1707.030348
1707.030348
1707.030348
1707.030348
1707.030348
1707.030348
1707.030348
1707.030348
1707.030348
1707.030348
1707.030348
1707.030348
1707.030348
1707.030348
1707.030348
1707.030348
1707.030348
1707.030348
1707.030348
1707.030348
1707.030348
1707.030348
1707.030348
1707.030348
1707.030348
1707.030348
1707.030348
1707.030348
1707.030348
1707.030348
1707.030348
1707.030348
1707.030348
1707.030348
1707.030348
1707.030348
1707.030348
1707.030348
1707.030348
1707.030348
1707.030348
1707.030348
1707.030348
1704.570926
1704.570926
1704.570926
1704.570926
1704.570926
1704.570926
1704.570926
1704.570926
1704.570926
1704.570926
1703.952609
1703.952609
1703.952609
1703.952609
1703.952609
1703.952609
1703.952609
1703.952609
1703.952609
1703.952609
1703.952609
1703.952609
1703.952609
1703.952609
1703.952609
1703.952609
1703.952609
1703.952609
1703.952609
1703.952609
1701.495098
1701.495098
1701.495098
1701.495098
1701.495098
1701.495098
1701.495098
1701.495098
1701.495098
1701.495098
1695.969875
1695.969875
1695.969875
1695.969875
1695.969875
1695.969875
1695.969875
1695.969875
1695.969875
1695.969875
1689.822515
1689.822515
1689.822515
1689.822515
1689.822515
1689.822515
1689.822515
1689.822515
1689.822515
1689.822515
1683.675156
1683.675156
1683.675156
1683.675156
1683.675156
1683.675156
1683.675156
1683.675156
1683.675156
1683.675156
1679.967641
1679.967641
1679.967641
1679.967641
1679.967641
1679.967641
1679.967641
1679.967641
1679.967641
1679.967641
1676.892768
1676.892768
1676.892768
1676.892768
1676.892768
1676.892768
1676.892768
1676.892768
1676.892768
1676.892768
1673.818372
1673.818372
1673.818372
1673.818372
1673.818372
1673.818372
1673.818372
1673.818372
1673.818372
1673.818372
1665.883384
1665.883384
1665.883384
1665.883384
1665.883384
1665.883384
1665.883384
1665.883384
1665.883384
1665.883384
1659.093356
1659.093356
1659.093356
1659.093356
1659.093356
1659.093356
1659.093356
1659.093356
1659.093356
1659.093356
1652.949816
1652.949816
1652.949816
1652.949816
1652.949816
1652.949816
1652.949816
1652.949816
1652.949816
1652.949816
1649.227023
1649.227023
1649.227023
1649.227023
1649.227023
1649.227023
1649.227023
1649.227023
1649.227023
1649.227023
1641.322115
1641.322115
1641.322115
1641.322115
1641.322115
1641.322115
1641.322115
1641.322115
1641.322115
1641.322115
1629.712558
1629.712558
1629.712558
1629.712558
1629.712558
1629.712558
1629.712558
1629.712558
1629.712558
1629.712558
1624.645701
1624.645701
1624.645701
1624.645701
1624.645701
1624.645701
1624.645701
1624.645701
1624.645701
1624.645701
1619.16918
1619.16918
1619.16918
1619.16918
1619.16918
1619.16918
1619.16918
1619.16918
1619.16918
1619.16918
1613.028982
1613.028982
1613.028982
1613.028982
1613.028982
1613.028982
1613.028982
1613.028982
1613.028982
1613.028982
1604.498118
1604.498118
1604.498118
1604.498118
1604.498118
1604.498118
1604.498118
1604.498118
1604.498118
1604.498118
1597.68183
1597.68183
1597.68183
1597.68183
1597.68183
1597.68183
1597.68183
1597.68183
1597.68183
1597.68183
1591.54402
1591.54402
1591.54402
1591.54402
1591.54402
1591.54402
1591.54402
1591.54402
1591.54402
1591.54402
1587.792101
1587.792101
1587.792101
1587.792101
1587.792101
1587.792101
1587.792101
1587.792101
1587.792101
1587.792101
1584.722002
1584.722002
1584.722002
1584.722002
1584.722002
1584.722002
1584.722002
1584.722002
1584.722002
1584.722002
1584.039705
1584.039705
1584.039705
1584.039705
1584.039705
1584.039705
1584.039705
1584.039705
1584.039705
1584.039705
1584.039705
1584.039705
1584.039705
1584.039705
1584.039705
1584.039705
1584.039705
1584.039705
1584.039705
1584.039705
1584.039705
1584.039705
1584.039705
1584.039705
1584.039705
1584.039705
1584.039705
1584.039705
1584.039705
1584.039705
1586.433236
1586.433236
1586.433236
1586.433236
1586.433236
1586.433236
1586.433236
1586.433236
1586.433236
1586.433236
1584.722002
1584.722002
1584.722002
1584.722002
1584.722002
1584.722002
1584.722002
1584.722002
1584.722002
1584.722002
1584.039705
1584.039705
1584.039705
1584.039705
1584.039705
1584.039705
1584.039705
1584.039705
1584.039705
1584.039705
1581.651903
1581.651903
1581.651903
1581.651903
1581.651903
1581.651903
1581.651903
1581.651903
1581.651903
1581.651903
1573.828165
1573.828165
1573.828165
1573.828165
1573.828165
1573.828165
1573.828165
1573.828165
1573.828165
1573.828165
1566.998508
1566.998508
1566.998508
1566.998508
1566.998508
1566.998508
1566.998508
1566.998508
1566.998508
1566.998508
1558.498201
1558.498201
1558.498201
1558.498201
1558.498201
1558.498201
1558.498201
1558.498201
1558.498201
1558.498201
1546.94785
1546.94785
1546.94785
1546.94785
1546.94785
1546.94785
1546.94785
1546.94785
1546.94785
1546.94785
1534.695625
1534.695625
1534.695625
1534.695625
1534.695625
1534.695625
1534.695625
1534.695625
1534.695625
1534.695625
1520.110984
1520.110984
1520.110984
1520.110984
1520.110984
1520.110984
1520.110984
1520.110984
1520.110984
1520.110984
1504.810146
1504.810146
1504.810146
1504.810146
1504.810146
1504.810146
1504.810146
1504.810146
1504.810146
1504.810146
1487.201243
1487.201243
1487.201243
1487.201243
1487.201243
1487.201243
1487.201243
1487.201243
1487.201243
1487.201243
1471.160335
1471.160335
1471.160335
1471.160335
1471.160335
1471.160335
1471.160335
1471.160335
1471.160335
1471.160335
1465.096054
1465.096054
1465.096054
1465.096054
1465.096054
1465.096054
1465.096054
1465.096054
1465.096054
1465.096054
1462.031685
1462.031685
1462.031685
1462.031685
1462.031685
1462.031685
1462.031685
1462.031685
1462.031685
1462.031685
1461.284452
1461.284452
1461.284452
1461.284452
1461.284452
1461.284452
1461.284452
1461.284452
1461.284452
1461.284452
1463.606841
1463.606841
1463.606841
1463.606841
1463.606841
1463.606841
1463.606841
1463.606841
1463.606841
1463.606841
1471.341294
1471.341294
1471.341294
1471.341294
1471.341294
1471.341294
1471.341294
1471.341294
1471.341294
1471.341294
1485.256529
1485.256529
1485.256529
1485.256529
1485.256529
1485.256529
1485.256529
1485.256529
1485.256529
1485.256529
1491.223407
1491.223407
1491.223407
1491.223407
1491.223407
1491.223407
1491.223407
1491.223407
1491.223407
1491.223407
1494.292551
1494.292551
1494.292551
1494.292551
1494.292551
1494.292551
1494.292551
1494.292551
1494.292551
1494.292551
1495.01973
1495.01973
1495.01973
1495.01973
1495.01973
1495.01973
1495.01973
1495.01973
1495.01973
1495.01973
1492.683017
1492.683017
1492.683017
1492.683017
1492.683017
1492.683017
1492.683017
1492.683017
1492.683017
1492.683017
1491.952018
1491.952018
1491.952018
1491.952018
1491.952018
1491.952018
1491.952018
1491.952018
1491.952018
1491.952018
1489.617215
1489.617215
1489.617215
1489.617215
1489.617215
1489.617215
1489.617215
1489.617215
1489.617215
1489.617215
1481.903293
1481.903293
1481.903293
1481.903293
1481.903293
1481.903293
1481.903293
1481.903293
1481.903293
1481.903293
1472.717825
1472.717825
1472.717825
1472.717825
1472.717825
1472.717825
1472.717825
1472.717825
1472.717825
1472.717825
1463.533312
1463.533312
1463.533312
1463.533312
1463.533312
1463.533312
1463.533312
1463.533312
1463.533312
1463.533312
1458.967315
1458.967315
1458.967315
1458.967315
1458.967315
1458.967315
1458.967315
1458.967315
1458.967315
1458.967315
1455.902946
1455.902946
1455.902946
1455.902946
1455.902946
1455.902946
1455.902946
1455.902946
1455.902946
1455.902946
1452.839054
1452.839054
1452.839054
1452.839054
1452.839054
1452.839054
1452.839054
1452.839054
1452.839054
1452.839054
1456.72705
1456.72705
1456.72705
1456.72705
1456.72705
1456.72705
1456.72705
1456.72705
1456.72705
1456.72705
1467.536377
1467.536377
1467.536377
1467.536377
1467.536377
1467.536377
1467.536377
1467.536377
1467.536377
1467.536377
1486.901395
1486.901395
1486.901395
1486.901395
1486.901395
1486.901395
1486.901395
1486.901395
1486.901395
1486.901395
1494.292551
1494.292551
1494.292551
1494.292551
1494.292551
1494.292551
1494.292551
1494.292551
1494.292551
1494.292551
1492.683017
1492.683017
1492.683017
1492.683017
1492.683017
1492.683017
1492.683017
1492.683017
1492.683017
1492.683017
1489.617215
1489.617215
1489.617215
1489.617215
1489.617215
1489.617215
1489.617215
1489.617215
1489.617215
1489.617215
1468.100263
1468.100263
1468.100263
1468.100263
1468.100263
1468.100263
1468.100263
1468.100263
1468.100263
1468.100263
1440.658449
1440.658449
1440.658449
1440.658449
1440.658449
1440.658449
1440.658449
1440.658449
1440.658449
1440.658449
1413.226185
1413.226185
1413.226185
1413.226185
1413.226185
1413.226185
1413.226185
1413.226185
1413.226185
1413.226185
1403.831109
1403.831109
1403.831109
1403.831109
1403.831109
1403.831109
1403.831109
1403.831109
1403.831109
1403.831109
1403.052842
1403.052842
1403.052842
1403.052842
1403.052842
1403.052842
1403.052842
1403.052842
1403.052842
1403.052842
1405.342286
1405.342286
1405.342286
1405.342286
1405.342286
1405.342286
1405.342286
1405.342286
1405.342286
1405.342286
1422.271756
1422.271756
1422.271756
1422.271756
1422.271756
1422.271756
1422.271756
1422.271756
1422.271756
1422.271756
1448.501286
1448.501286
1448.501286
1448.501286
1448.501286
1448.501286
1448.501286
1448.501286
1448.501286
1448.501286
1483.368156
1483.368156
1483.368156
1483.368156
1483.368156
1483.368156
1483.368156
1483.368156
1483.368156
1483.368156
1508.457977
1508.457977
1508.457977
1508.457977
1508.457977
1508.457977
1508.457977
1508.457977
1508.457977
1508.457977
1534.817856
1534.817856
1534.817856
1534.817856
1534.817856
1534.817856
1534.817856
1534.817856
1534.817856
1534.817856
1562.586255
1562.586255
1562.586255
1562.586255
1562.586255
1562.586255
1562.586255
1562.586255
1562.586255
1562.586255
1585.504567
1585.504567
1585.504567
1585.504567
1585.504567
1585.504567
1585.504567
1585.504567
1585.504567
1585.504567
1602.231115
1602.231115
1602.231115
1602.231115
1602.231115
1602.231115
1602.231115
1602.231115
1602.231115
1602.231115
1612.78261
1612.78261
1612.78261
1612.78261
1612.78261
1612.78261
1612.78261
1612.78261
1612.78261
1612.78261
1629.327721
1629.327721
1629.327721
1629.327721
1629.327721
1629.327721
1629.327721
1629.327721
1629.327721
1629.327721
1642.933559
1642.933559
1642.933559
1642.933559
1642.933559
1642.933559
1642.933559
1642.933559
1642.933559
1642.933559
1647.933571
1647.933571
1647.933571
1647.933571
1647.933571
1647.933571
1647.933571
1647.933571
1647.933571
1647.933571
1655.891955
1655.891955
1655.891955
1655.891955
1655.891955
1655.891955
1655.891955
1655.891955
1655.891955
1655.891955
1665.133764
1665.133764
1665.133764
1665.133764
1665.133764
1665.133764
1665.133764
1665.133764
1665.133764
1665.133764
1676.837859
1676.837859
1676.837859
1676.837859
1676.837859
1676.837859
1676.837859
1676.837859
1676.837859
1676.837859
1686.70276
1686.70276
1686.70276
1686.70276
1686.70276
1686.70276
1686.70276
1686.70276
1686.70276
1686.70276
1688.565828
1688.565828
1688.565828
1688.565828
1688.565828
1688.565828
1688.565828
1688.565828
1688.565828
1688.565828
1678.809789
1678.809789
1678.809789
1678.809789
1678.809789
1678.809789
1678.809789
1678.809789
1678.809789
1678.809789
1664.115331
1664.115331
1664.115331
1664.115331
1664.115331
1664.115331
1664.115331
1664.115331
1664.115331
1664.115331
1639.209334
1639.209334
1639.209334
1639.209334
1639.209334
1639.209334
1639.209334
1639.209334
1639.209334
1639.209334
1607.020087
1607.020087
1607.020087
1607.020087
1607.020087
1607.020087
1607.020087
1607.020087
1607.020087
1607.020087
1546.762116
1546.762116
1546.762116
1546.762116
1546.762116
1546.762116
1546.762116
1546.762116
1546.762116
1546.762116
1483.534791
1483.534791
1483.534791
1483.534791
1483.534791
1483.534791
1483.534791
1483.534791
1483.534791
1483.534791
1429.322479
1429.322479
1429.322479
1429.322479
1429.322479
1429.322479
1429.322479
1429.322479
1429.322479
1429.322479
1408.452491
1408.452491
1408.452491
1408.452491
1408.452491
1408.452491
1408.452491
1408.452491
1408.452491
1408.452491
1401.551215
1401.551215
1401.551215
1401.551215
1401.551215
1401.551215
1401.551215
1401.551215
1401.551215
1401.551215
1399.989427
1399.989427
1399.989427
1399.989427
1399.989427
1399.989427
1399.989427
1399.989427
1399.989427
1399.989427
1406.868741
1406.868741
1406.868741
1406.868741
1406.868741
1406.868741
1406.868741
1406.868741
1406.868741
1406.868741
1420.699942
1420.699942
1420.699942
1420.699942
1420.699942
1420.699942
1420.699942
1420.699942
1420.699942
1420.699942
1440.731024
1440.731024
1440.731024
1440.731024
1440.731024
1440.731024
1440.731024
1440.731024
1440.731024
1440.731024
1462.273282
1462.273282
1462.273282
1462.273282
1462.273282
1462.273282
1462.273282
1462.273282
1462.273282
1462.273282
1481.461161
1481.461161
1481.461161
1481.461161
1481.461161
1481.461161
1481.461161
1481.461161
1481.461161
1481.461161
1502.298204
1502.298204
1502.298204
1502.298204
1502.298204
1502.298204
1502.298204
1502.298204
1502.298204
1502.298204
1523.860038
1523.860038
1523.860038
1523.860038
1523.860038
1523.860038
1523.860038
1523.860038
1523.860038
1523.860038
1540.639584
1540.639584
1540.639584
1540.639584
1540.639584
1540.639584
1540.639584
1540.639584
1540.639584
1540.639584
1553.637132
1553.637132
1553.637132
1553.637132
1553.637132
1553.637132
1553.637132
1553.637132
1553.637132
1553.637132
1570.756633
1570.756633
1570.756633
1570.756633
1570.756633
1570.756633
1570.756633
1570.756633
1570.756633
1570.756633
1586.827622
1586.827622
1586.827622
1586.827622
1586.827622
1586.827622
1586.827622
1586.827622
1586.827622
1586.827622
1597.393441
1597.393441
1597.393441
1597.393441
1597.393441
1597.393441
1597.393441
1597.393441
1597.393441
1597.393441
1589.849974
1589.849974
1589.849974
1589.849974
1589.849974
1589.849974
1589.849974
1589.849974
1589.849974
1589.849974
1575.223317
1575.223317
1575.223317
1575.223317
1575.223317
1575.223317
1575.223317
1575.223317
1575.223317
1575.223317
1559.909587
1559.909587
1559.909587
1559.909587
1559.909587
1559.909587
1559.909587
1559.909587
1559.909587
1559.909587
1554.028176
1554.028176
1554.028176
1554.028176
1554.028176
1554.028176
1554.028176
1554.028176
1554.028176
1554.028176
1553.329167
1553.329167
1553.329167
1553.329167
1553.329167
1553.329167
1553.329167
1553.329167
1553.329167
1553.329167
1555.705032
1555.705032
1555.705032
1555.705032
1555.705032
1555.705032
1555.705032
1555.705032
1555.705032
1555.705032
1563.550734
1563.550734
1563.550734
1563.550734
1563.550734
1563.550734
1563.550734
1563.550734
1563.550734
1563.550734
1572.778697
1572.778697
1572.778697
1572.778697
1572.778697
1572.778697
1572.778697
1572.778697
1572.778697
1572.778697
1582.008092
1582.008092
1582.008092
1582.008092
1582.008092
1582.008092
1582.008092
1582.008092
1582.008092
1582.008092
1588.832974
1588.832974
1588.832974
1588.832974
1588.832974
1588.832974
1588.832974
1588.832974
1588.832974
1588.832974
1597.393441
1597.393441
1597.393441
1597.393441
1597.393441
1597.393441
1597.393441
1597.393441
1597.393441
1597.393441
1606.626656
1606.626656
1606.626656
1606.626656
1606.626656
1606.626656
1606.626656
1606.626656
1606.626656
1606.626656
1606.216036
1606.216036
1606.216036
1606.216036
1606.216036
1606.216036
1606.216036
1606.216036
1606.216036
1606.216036
1603.144983
1603.144983
1603.144983
1603.144983
1603.144983
1603.144983
1603.144983
1603.144983
1603.144983
1603.144983
1595.295461
1595.295461
1595.295461
1595.295461
1595.295461
1595.295461
1595.295461
1595.295461
1595.295461
1595.295461
1593.255254
1593.255254
1593.255254
1593.255254
1593.255254
1593.255254
1593.255254
1593.255254
1593.255254
1593.255254
1595.654514
1595.654514
1595.654514
1595.654514
1595.654514
1595.654514
1595.654514
1595.654514
1595.654514
1595.654514
1598.728433
1598.728433
1598.728433
1598.728433
1598.728433
1598.728433
1598.728433
1598.728433
1598.728433
1598.728433
1604.211639
1604.211639
1604.211639
1604.211639
1604.211639
1604.211639
1604.211639
1604.211639
1604.211639
1604.211639
1605.545198
1605.545198
1605.545198
1605.545198
1605.545198
1605.545198
1605.545198
1605.545198
1605.545198
1605.545198
1598.363172
1598.363172
1598.363172
1598.363172
1598.363172
1598.363172
1598.363172
1598.363172
1598.363172
1598.363172
1589.16147
1589.16147
1589.16147
1589.16147
1589.16147
1589.16147
1589.16147
1589.16147
1589.16147
1589.16147
1577.589155
1577.589155
1577.589155
1577.589155
1577.589155
1577.589155
1577.589155
1577.589155
1577.589155
1577.589155
1560.6191
1560.6191
1560.6191
1560.6191
1560.6191
1560.6191
1560.6191
1560.6191
1560.6191
1560.6191
1542.257235
1542.257235
1542.257235
1542.257235
1542.257235
1542.257235
1542.257235
1542.257235
1542.257235
1542.257235
1528.570228
1528.570228
1528.570228
1528.570228
1528.570228
1528.570228
1528.570228
1528.570228
1528.570228
1528.570228
1518.658059
1518.658059
1518.658059
1518.658059
1518.658059
1518.658059
1518.658059
1518.658059
1518.658059
1518.658059
1514.147448
1514.147448
1514.147448
1514.147448
1514.147448
1514.147448
1514.147448
1514.147448
1514.147448
1514.147448
1511.080692
1511.080692
1511.080692
1511.080692
1511.080692
1511.080692
1511.080692
1511.080692
1511.080692
1511.080692
1508.013935
1508.013935
1508.013935
1508.013935
1508.013935
1508.013935
1508.013935
1508.013935
1508.013935
1508.013935
1507.291053
1507.291053
1507.291053
1507.291053
1507.291053
1507.291053
1507.291053
1507.291053
1507.291053
1507.291053
1511.995514
1511.995514
1511.995514
1511.995514
1511.995514
1511.995514
1511.995514
1511.995514
1511.995514
1511.995514
1520.50346
1520.50346
1520.50346
1520.50346
1520.50346
1520.50346
1520.50346
1520.50346
1520.50346
1520.50346
1527.355558
1527.355558
1527.355558
1527.355558
1527.355558
1527.355558
1527.355558
1527.355558
1527.355558
1527.355558
1538.25417
1538.25417
1538.25417
1538.25417
1538.25417
1538.25417
1538.25417
1538.25417
1538.25417
1538.25417
1552.953402
1552.953402
1552.953402
1552.953402
1552.953402
1552.953402
1552.953402
1552.953402
1552.953402
1552.953402
1568.348301
1568.348301
1568.348301
1568.348301
1568.348301
1568.348301
1568.348301
1568.348301
1568.348301
1568.348301
1578.931786
1578.931786
1578.931786
1578.931786
1578.931786
1578.931786
1578.931786
1578.931786
1578.931786
1578.931786
1583.359795
1583.359795
1583.359795
1583.359795
1583.359795
1583.359795
1583.359795
1583.359795
1583.359795
1583.359795
1586.433236
1586.433236
1586.433236
1586.433236
1586.433236
1586.433236
1586.433236
1586.433236
1586.433236
1586.433236
1594.31618
1594.31618
1594.31618
1594.31618
1594.31618
1594.31618
1594.31618
1594.31618
1594.31618
1594.31618
1608.393753
1608.393753
1608.393753
1608.393753
1608.393753
1608.393753
1608.393753
1608.393753
1608.393753
1608.393753
1621.367905
1621.367905
1621.367905
1621.367905
1621.367905
1621.367905
1621.367905
1621.367905
1621.367905
1621.367905
1633.690318
1633.690318
1633.690318
1633.690318
1633.690318
1633.690318
1633.690318
1633.690318
1633.690318
1633.690318
1648.464512
1648.464512
1648.464512
1648.464512
1648.464512
1648.464512
1648.464512
1648.464512
1648.464512
1648.464512
1658.972558
1658.972558
1658.972558
1658.972558
1658.972558
1658.972558
1658.972558
1658.972558
1658.972558
1658.972558
1668.214367
1668.214367
1668.214367
1668.214367
1668.214367
1668.214367
1668.214367
1668.214367
1668.214367
1668.214367
1675.00153
1675.00153
1675.00153
1675.00153
1675.00153
1675.00153
1675.00153
1675.00153
1675.00153
1675.00153
1688.561053
1688.561053
1688.561053
1688.561053
1688.561053
1688.561053
1688.561053
1688.561053
1688.561053
1688.561053
1701.507512
1701.507512
1701.507512
1701.507512
1701.507512
1701.507512
1701.507512
1701.507512
1701.507512
1701.507512
1708.886254
1708.886254
1708.886254
1708.886254
1708.886254
1708.886254
1708.886254
1708.886254
1708.886254
1708.886254
1715.04937
1715.04937
1715.04937
1715.04937
1715.04937
1715.04937
1715.04937
1715.04937
1715.04937
1715.04937
1718.735398
1718.735398
1718.735398
1718.735398
1718.735398
1718.735398
1718.735398
1718.735398
1718.735398
1718.735398
1721.815524
1721.815524
1721.815524
1721.815524
1721.815524
1721.815524
1721.815524
1721.815524
1721.815524
1721.815524
1727.377034
1727.377034
1727.377034
1727.377034
1727.377034
1727.377034
1727.377034
1727.377034
1727.377034
1727.377034
1733.54206
1733.54206
1733.54206
1733.54206
1733.54206
1733.54206
1733.54206
1733.54206
1733.54206
1733.54206
1737.219494
1737.219494
1737.219494
1737.219494
1737.219494
1737.219494
1737.219494
1737.219494
1737.219494
1737.219494
1745.287695
1745.287695
1745.287695
1745.287695
1745.287695
1745.287695
1745.287695
1745.287695
1745.287695
1745.287695
1757.051951
1757.051951
1757.051951
1757.051951
1757.051951
1757.051951
1757.051951
1757.051951
1757.051951
1757.051951
1771.925458
1771.925458
1771.925458
1771.925458
1771.925458
1771.925458
1771.925458
1771.925458
1771.925458
1771.925458
1789.915377
1789.915377
1789.915377
1789.915377
1789.915377
1789.915377
1789.915377
1789.915377
1789.915377
1789.915377
1800.842637
1800.842637
1800.842637
1800.842637
1800.842637
1800.842637
1800.842637
1800.842637
1800.842637
1800.842637
1805.043373
1805.043373
1805.043373
1805.043373
1805.043373
1805.043373
1805.043373
1805.043373
1805.043373
1805.043373
1803.087677
1803.087677
1803.087677
1803.087677
1803.087677
1803.087677
1803.087677
1803.087677
1803.087677
1803.087677
1794.995603
1794.995603
1794.995603
1794.995603
1794.995603
1794.995603
1794.995603
1794.995603
1794.995603
1794.995603
1785.763821
1785.763821
1785.763821
1785.763821
1785.763821
1785.763821
1785.763821
1785.763821
1785.763821
1785.763821
1774.049221
1774.049221
1774.049221
1774.049221
1774.049221
1774.049221
1774.049221
1774.049221
1774.049221
1774.049221
1761.751637
1761.751637
1761.751637
1761.751637
1761.751637
1761.751637
1761.751637
1761.751637
1761.751637
1761.751637
1749.45644
1749.45644
1749.45644
1749.45644
1749.45644
1749.45644
1749.45644
1749.45644
1749.45644
1749.45644
1742.097275
1742.097275
1742.097275
1742.097275
1742.097275
1742.097275
1742.097275
1742.097275
1742.097275
1742.097275
1733.478557
1733.478557
1733.478557
1733.478557
1733.478557
1733.478557
1733.478557
1733.478557
1733.478557
1733.478557
1724.256801
1724.256801
1724.256801
1724.256801
1724.256801
1724.256801
1724.256801
1724.256801
1724.256801
1724.256801
1715.036001
1715.036001
1715.036001
1715.036001
1715.036001
1715.036001
1715.036001
1715.036001
1715.036001
1715.036001
1696.078737
1696.078737
1696.078737
1696.078737
1696.078737
1696.078737
1696.078737
1696.078737
1696.078737
1696.078737
1669.813874
1669.813874
1669.813874
1669.813874
1669.813874
1669.813874
1669.813874
1669.813874
1669.813874
1669.813874
1651.846873
1651.846873
1651.846873
1651.846873
1651.846873
1651.846873
1651.846873
1651.846873
1651.846873
1651.846873
1638.915215
1638.915215
1638.915215
1638.915215
1638.915215
1638.915215
1638.915215
1638.915215
1638.915215
1638.915215
1624.251793
1624.251793
1624.251793
1624.251793
1624.251793
1624.251793
1624.251793
1624.251793
1624.251793
1624.251793
1613.702207
1613.702207
1613.702207
1613.702207
1613.702207
1613.702207
1613.702207
1613.702207
1613.702207
1613.702207
1602.112704
1602.112704
1602.112704
1602.112704
1602.112704
1602.112704
1602.112704
1602.112704
1602.112704
1602.112704
1587.476974
1587.476974
1587.476974
1587.476974
1587.476974
1587.476974
1587.476974
1587.476974
1587.476974
1587.476974
1567.449712
1567.449712
1567.449712
1567.449712
1567.449712
1567.449712
1567.449712
1567.449712
1567.449712
1567.449712
1543.702044
1543.702044
1543.702044
1543.702044
1543.702044
1543.702044
1543.702044
1543.702044
1543.702044
1543.702044
1514.679344
1514.679344
1514.679344
1514.679344
1514.679344
1514.679344
1514.679344
1514.679344
1514.679344
1514.679344
1484.185098
1484.185098
1484.185098
1484.185098
1484.185098
1484.185098
1484.185098
1484.185098
1484.185098
1484.185098
1455.902469
1455.902469
1455.902469
1455.902469
1455.902469
1455.902469
1455.902469
1455.902469
1455.902469
1455.902469
1430.695668
1430.695668
1430.695668
1430.695668
1430.695668
1430.695668
1430.695668
1430.695668
1430.695668
1430.695668
1397.574888
1397.574888
1397.574888
1397.574888
1397.574888
1397.574888
1397.574888
1397.574888
1397.574888
1397.574888
1356.789842
1356.789842
1356.789842
1356.789842
1356.789842
1356.789842
1356.789842
1356.789842
1356.789842
1356.789842
1307.936596
1307.936596
1307.936596
1307.936596
1307.936596
1307.936596
1307.936596
1307.936596
1307.936596
1307.936596
1223.655936
1223.655936
1223.655936
1223.655936
1223.655936
1223.655936
1223.655936
1223.655936
1223.655936
1223.655936
1124.423943
1124.423943
1124.423943
1124.423943
1124.423943
1124.423943
1124.423943
1124.423943
1124.423943
1124.423943
1025.287921
1025.287921
1025.287921
1025.287921
1025.287921
1025.287921
1025.287921
1025.287921
1025.287921
1025.287921
926.2397519
926.2397519
926.2397519
926.2397519
926.2397519
926.2397519
926.2397519
926.2397519
926.2397519
926.2397519
842.1090166
842.1090166
842.1090166
842.1090166
842.1090166
842.1090166
842.1090166
842.1090166
842.1090166
842.1090166
770.5900373
770.5900373
770.5900373
770.5900373
770.5900373
770.5900373
770.5900373
770.5900373
770.5900373
770.5900373
688.7964923
688.7964923
688.7964923
688.7964923
688.7964923
688.7964923
688.7964923
688.7964923
688.7964923
688.7964923
616.4811016
616.4811016
616.4811016
616.4811016
616.4811016
616.4811016
616.4811016
616.4811016
616.4811016
616.4811016
554.530995
554.530995
554.530995
554.530995
554.530995
554.530995
554.530995
554.530995
554.530995
554.530995
487.9337231
487.9337231
487.9337231
487.9337231
487.9337231
487.9337231
487.9337231
487.9337231
487.9337231
487.9337231
412.1180378
412.1180378
412.1180378
412.1180378
412.1180378
412.1180378
412.1180378
412.1180378
412.1180378
412.1180378
331.1633985
331.1633985
331.1633985
331.1633985
331.1633985
331.1633985
331.1633985
331.1633985
331.1633985
331.1633985
250.2799015
250.2799015
250.2799015
250.2799015
250.2799015
250.2799015
250.2799015
250.2799015
250.2799015
250.2799015
180.4057886
180.4057886
180.4057886
180.4057886
180.4057886
180.4057886
180.4057886
180.4057886
180.4057886
180.4057886
124.9530233
124.9530233
124.9530233
124.9530233
124.9530233
124.9530233
124.9530233
124.9530233
124.9530233
124.9530233
79.92856735
79.92856735
79.92856735
79.92856735
79.92856735
79.92856735
79.92856735
79.92856735
79.92856735
79.92856735
40.72106543
40.72106543
40.72106543
40.72106543
40.72106543
40.72106543
40.72106543
40.72106543
40.72106543
40.72106543
10.58396287
10.58396287
10.58396287
10.58396287
10.58396287
10.58396287
10.58396287
10.58396287
10.58396287
10.58396287
0
0
0
0
0
0
0
0
0
0
0
0
0
0
0
0
0
0
0
0
