0
0
0
0
0
0
0
0
0
0
0
0
0
0
0
0
0
0
0
0
0
0
0
0
0
0
0
0
0
0
15.3484
15.3484
15.3484
15.3484
15.3484
15.3484
15.3484
15.3484
15.3484
15.3484
22.1807
22.1807
22.1807
22.1807
22.1807
22.1807
22.1807
22.1807
22.1807
22.1807
25.11175
25.11175
25.11175
25.11175
25.11175
25.11175
25.11175
25.11175
25.11175
25.11175
25.66385
25.66385
25.66385
25.66385
25.66385
25.66385
25.66385
25.66385
25.66385
25.66385
25.97905
25.97905
25.97905
25.97905
25.97905
25.97905
25.97905
25.97905
25.97905
25.97905
23.4361
23.4361
23.4361
23.4361
23.4361
23.4361
23.4361
23.4361
23.4361
23.4361
20.01
20.01
20.01
20.01
20.01
20.01
20.01
20.01
20.01
20.01
19.38465
19.38465
19.38465
19.38465
19.38465
19.38465
19.38465
19.38465
19.38465
19.38465
19.5779
19.5779
19.5779
19.5779
19.5779
19.5779
19.5779
19.5779
19.5779
19.5779
16.97695
16.97695
16.97695
16.97695
16.97695
16.97695
16.97695
16.97695
16.97695
16.97695
13.47405
13.47405
13.47405
13.47405
13.47405
13.47405
13.47405
13.47405
13.47405
13.47405
10.64475
10.64475
10.64475
10.64475
10.64475
10.64475
10.64475
10.64475
10.64475
10.64475
11.374
11.374
11.374
11.374
11.374
11.374
11.374
11.374
11.374
11.374
11.51935
11.51935
11.51935
11.51935
11.51935
11.51935
11.51935
11.51935
11.51935
11.51935
9.4939
9.4939
9.4939
9.4939
9.4939
9.4939
9.4939
9.4939
9.4939
9.4939
10.2345
10.2345
10.2345
10.2345
10.2345
10.2345
10.2345
10.2345
10.2345
10.2345
9.64145
9.64145
9.64145
9.64145
9.64145
9.64145
9.64145
9.64145
9.64145
9.64145
9.71175
9.71175
9.71175
9.71175
9.71175
9.71175
9.71175
9.71175
9.71175
9.71175
9.0923
9.0923
9.0923
9.0923
9.0923
9.0923
9.0923
9.0923
9.0923
9.0923
9.1536
9.1536
9.1536
9.1536
9.1536
9.1536
9.1536
9.1536
9.1536
9.1536
8.51525
8.51525
8.51525
8.51525
8.51525
8.51525
8.51525
8.51525
8.51525
8.51525
7.12765
7.12765
7.12765
7.12765
7.12765
7.12765
7.12765
7.12765
7.12765
7.12765
6.41625
6.41625
6.41625
6.41625
6.41625
6.41625
6.41625
6.41625
6.41625
6.41625
9.29705
9.29705
9.29705
9.29705
9.29705
9.29705
9.29705
9.29705
9.29705
9.29705
6.59325
6.59325
6.59325
6.59325
6.59325
6.59325
6.59325
6.59325
6.59325
6.59325
4.37355
4.37355
4.37355
4.37355
4.37355
4.37355
4.37355
4.37355
4.37355
4.37355
1.4358
1.4358
1.4358
1.4358
1.4358
1.4358
1.4358
1.4358
1.4358
1.4358
1.9904
1.9904
1.9904
1.9904
1.9904
1.9904
1.9904
1.9904
1.9904
1.9904
1.9551
1.9551
1.9551
1.9551
1.9551
1.9551
1.9551
1.9551
1.9551
1.9551
5.4862
5.4862
5.4862
5.4862
5.4862
5.4862
5.4862
5.4862
5.4862
5.4862
6.33115
6.33115
6.33115
6.33115
6.33115
6.33115
6.33115
6.33115
6.33115
6.33115
7.0942
7.0942
7.0942
7.0942
7.0942
7.0942
7.0942
7.0942
7.0942
7.0942
9.31775
9.31775
9.31775
9.31775
9.31775
9.31775
9.31775
9.31775
9.31775
9.31775
8.02915
8.02915
8.02915
8.02915
8.02915
8.02915
8.02915
8.02915
8.02915
8.02915
5.88275
5.88275
5.88275
5.88275
5.88275
5.88275
5.88275
5.88275
5.88275
5.88275
7.27675
7.27675
7.27675
7.27675
7.27675
7.27675
7.27675
7.27675
7.27675
7.27675
6.6493
6.6493
6.6493
6.6493
6.6493
6.6493
6.6493
6.6493
6.6493
6.6493
6.65885
6.65885
6.65885
6.65885
6.65885
6.65885
6.65885
6.65885
6.65885
6.65885
5.96135
5.96135
5.96135
5.96135
5.96135
5.96135
5.96135
5.96135
5.96135
5.96135
5.23555
5.23555
5.23555
5.23555
5.23555
5.23555
5.23555
5.23555
5.23555
5.23555
5.2153
5.2153
5.2153
5.2153
5.2153
5.2153
5.2153
5.2153
5.2153
5.2153
5.2153
5.2153
5.2153
5.2153
5.2153
5.2153
5.2153
5.2153
5.2153
5.2153
5.2153
5.2153
5.2153
5.2153
5.2153
5.2153
5.2153
5.2153
5.2153
5.2153
5.2153
5.2153
5.2153
5.2153
5.2153
5.2153
5.2153
5.2153
5.2153
5.2153
5.9354
5.9354
5.9354
5.9354
5.9354
5.9354
5.9354
5.9354
5.9354
5.9354
6.6988
6.6988
6.6988
6.6988
6.6988
6.6988
6.6988
6.6988
6.6988
6.6988
8.9064
8.9064
8.9064
8.9064
8.9064
8.9064
8.9064
8.9064
8.9064
8.9064
11.2035
11.2035
11.2035
11.2035
11.2035
11.2035
11.2035
11.2035
11.2035
11.2035
10.6673
10.6673
10.6673
10.6673
10.6673
10.6673
10.6673
10.6673
10.6673
10.6673
10.7587
10.7587
10.7587
10.7587
10.7587
10.7587
10.7587
10.7587
10.7587
10.7587
10.87105
10.87105
10.87105
10.87105
10.87105
10.87105
10.87105
10.87105
10.87105
10.87105
10.9849
10.9849
10.9849
10.9849
10.9849
10.9849
10.9849
10.9849
10.9849
10.9849
11.8265
11.8265
11.8265
11.8265
11.8265
11.8265
11.8265
11.8265
11.8265
11.8265
11.2555
11.2555
11.2555
11.2555
11.2555
11.2555
11.2555
11.2555
11.2555
11.2555
10.63565
10.63565
10.63565
10.63565
10.63565
10.63565
10.63565
10.63565
10.63565
10.63565
9.9971
9.9971
9.9971
9.9971
9.9971
9.9971
9.9971
9.9971
9.9971
9.9971
8.61835
8.61835
8.61835
8.61835
8.61835
8.61835
8.61835
8.61835
8.61835
8.61835
7.91685
7.91685
7.91685
7.91685
7.91685
7.91685
7.91685
7.91685
7.91685
7.91685
8.655
8.655
8.655
8.655
8.655
8.655
8.655
8.655
8.655
8.655
7.27605
7.27605
7.27605
7.27605
7.27605
7.27605
7.27605
7.27605
7.27605
7.27605
7.259
7.259
7.259
7.259
7.259
7.259
7.259
7.259
7.259
7.259
7.2773
7.2773
7.2773
7.2773
7.2773
7.2773
7.2773
7.2773
7.2773
7.2773
8.74665
8.74665
8.74665
8.74665
8.74665
8.74665
8.74665
8.74665
8.74665
8.74665
8.83625
8.83625
8.83625
8.83625
8.83625
8.83625
8.83625
8.83625
8.83625
8.83625
8.89135
8.89135
8.89135
8.89135
8.89135
8.89135
8.89135
8.89135
8.89135
8.89135
8.9468
8.9468
8.9468
8.9468
8.9468
8.9468
8.9468
8.9468
8.9468
8.9468
8.27655
8.27655
8.27655
8.27655
8.27655
8.27655
8.27655
8.27655
8.27655
8.27655
9.02305
9.02305
9.02305
9.02305
9.02305
9.02305
9.02305
9.02305
9.02305
9.02305
7.64545
7.64545
7.64545
7.64545
7.64545
7.64545
7.64545
7.64545
7.64545
7.64545
7.63085
7.63085
7.63085
7.63085
7.63085
7.63085
7.63085
7.63085
7.63085
7.63085
7.64975
7.64975
7.64975
7.64975
7.64975
7.64975
7.64975
7.64975
7.64975
7.64975
7.66865
7.66865
7.66865
7.66865
7.66865
7.66865
7.66865
7.66865
7.66865
7.66865
7.68755
7.68755
7.68755
7.68755
7.68755
7.68755
7.68755
7.68755
7.68755
7.68755
6.25575
6.25575
6.25575
6.25575
6.25575
6.25575
6.25575
6.25575
6.25575
6.25575
6.203
6.203
6.203
6.203
6.203
6.203
6.203
6.203
6.203
6.203
6.18385
6.18385
6.18385
6.18385
6.18385
6.18385
6.18385
6.18385
6.18385
6.18385
6.16475
6.16475
6.16475
6.16475
6.16475
6.16475
6.16475
6.16475
6.16475
6.16475
6.8741
6.8741
6.8741
6.8741
6.8741
6.8741
6.8741
6.8741
6.8741
6.8741
6.8906
6.8906
6.8906
6.8906
6.8906
6.8906
6.8906
6.8906
6.8906
6.8906
7.61405
7.61405
7.61405
7.61405
7.61405
7.61405
7.61405
7.61405
7.61405
7.61405
7.64975
7.64975
7.64975
7.64975
7.64975
7.64975
7.64975
7.64975
7.64975
7.64975
6.94395
6.94395
6.94395
6.94395
6.94395
6.94395
6.94395
6.94395
6.94395
6.94395
7.6519
7.6519
7.6519
7.6519
7.6519
7.6519
7.6519
7.6519
7.6519
7.6519
6.2367
6.2367
6.2367
6.2367
6.2367
6.2367
6.2367
6.2367
6.2367
6.2367
6.18385
6.18385
6.18385
6.18385
6.18385
6.18385
6.18385
6.18385
6.18385
6.18385
6.16475
6.16475
6.16475
6.16475
6.16475
6.16475
6.16475
6.16475
6.16475
6.16475
3.96625
3.96625
3.96625
3.96625
3.96625
3.96625
3.96625
3.96625
3.96625
3.96625
5.29125
5.29125
5.29125
5.29125
5.29125
5.29125
5.29125
5.29125
5.29125
5.29125
6.0142
6.0142
6.0142
6.0142
6.0142
6.0142
6.0142
6.0142
6.0142
6.0142
7.46505
7.46505
7.46505
7.46505
7.46505
7.46505
7.46505
7.46505
7.46505
7.46505
8.24335
8.24335
8.24335
8.24335
8.24335
8.24335
8.24335
8.24335
8.24335
8.24335
9.74515
9.74515
9.74515
9.74515
9.74515
9.74515
9.74515
9.74515
9.74515
9.74515
8.403
8.403
8.403
8.403
8.403
8.403
8.403
8.403
8.403
8.403
9.13585
9.13585
9.13585
9.13585
9.13585
9.13585
9.13585
9.13585
9.13585
9.13585
9.209
9.209
9.209
9.209
9.209
9.209
9.209
9.209
9.209
9.209
9.2659
9.2659
9.2659
9.2659
9.2659
9.2659
9.2659
9.2659
9.2659
9.2659
8.5933
8.5933
8.5933
8.5933
8.5933
8.5933
8.5933
8.5933
8.5933
8.5933
9.34535
9.34535
9.34535
9.34535
9.34535
9.34535
9.34535
9.34535
9.34535
9.34535
9.419
9.419
9.419
9.419
9.419
9.419
9.419
9.419
9.419
9.419
9.47695
9.47695
9.47695
9.47695
9.47695
9.47695
9.47695
9.47695
9.47695
9.47695
8.08375
8.08375
8.08375
8.08375
8.08375
8.08375
8.08375
8.08375
8.08375
8.08375
6.62165
6.62165
6.62165
6.62165
6.62165
6.62165
6.62165
6.62165
6.62165
6.62165
7.28865
7.28865
7.28865
7.28865
7.28865
7.28865
7.28865
7.28865
7.28865
7.28865
6.5863
6.5863
6.5863
6.5863
6.5863
6.5863
6.5863
6.5863
6.5863
6.5863
7.2687
7.2687
7.2687
7.2687
7.2687
7.2687
7.2687
7.2687
7.2687
7.2687
8.01705
8.01705
8.01705
8.01705
8.01705
8.01705
8.01705
8.01705
8.01705
8.01705
8.05235
8.05235
8.05235
8.05235
8.05235
8.05235
8.05235
8.05235
8.05235
8.05235
8.07185
8.07185
8.07185
8.07185
8.07185
8.07185
8.07185
8.07185
8.07185
8.07185
8.09135
8.09135
8.09135
8.09135
8.09135
8.09135
8.09135
8.09135
8.09135
8.09135
8.11085
8.11085
8.11085
8.11085
8.11085
8.11085
8.11085
8.11085
8.11085
8.11085
7.4006
7.4006
7.4006
7.4006
7.4006
7.4006
7.4006
7.4006
7.4006
7.4006
7.38465
7.38465
7.38465
7.38465
7.38465
7.38465
7.38465
7.38465
7.38465
7.38465
6.6645
6.6645
6.6645
6.6645
6.6645
6.6645
6.6645
6.6645
6.6645
6.6645
5.16685
5.16685
5.16685
5.16685
5.16685
5.16685
5.16685
5.16685
5.16685
5.16685
5.8043
5.8043
5.8043
5.8043
5.8043
5.8043
5.8043
5.8043
5.8043
5.8043
5.054
5.054
5.054
5.054
5.054
5.054
5.054
5.054
5.054
5.054
5.7074
5.7074
5.7074
5.7074
5.7074
5.7074
5.7074
5.7074
5.7074
5.7074
4.95725
4.95725
4.95725
4.95725
4.95725
4.95725
4.95725
4.95725
4.95725
4.95725
4.1579
4.1579
4.1579
4.1579
4.1579
4.1579
4.1579
4.1579
4.1579
4.1579
4.7915
4.7915
4.7915
4.7915
4.7915
4.7915
4.7915
4.7915
4.7915
4.7915
6.20745
6.20745
6.20745
6.20745
6.20745
6.20745
6.20745
6.20745
6.20745
6.20745
8.3957
8.3957
8.3957
8.3957
8.3957
8.3957
8.3957
8.3957
8.3957
8.3957
9.2116
9.2116
9.2116
9.2116
9.2116
9.2116
9.2116
9.2116
9.2116
9.2116
7.83425
7.83425
7.83425
7.83425
7.83425
7.83425
7.83425
7.83425
7.83425
7.83425
7.82075
7.82075
7.82075
7.82075
7.82075
7.82075
7.82075
7.82075
7.82075
7.82075
6.38955
6.38955
6.38955
6.38955
6.38955
6.38955
6.38955
6.38955
6.38955
6.38955
7.06025
7.06025
7.06025
7.06025
7.06025
7.06025
7.06025
7.06025
7.06025
7.06025
7.0763
7.0763
7.0763
7.0763
7.0763
7.0763
7.0763
7.0763
7.0763
7.0763
7.8044
7.8044
7.8044
7.8044
7.8044
7.8044
7.8044
7.8044
7.8044
7.8044
7.1109
7.1109
7.1109
7.1109
7.1109
7.1109
7.1109
7.1109
7.1109
7.1109
7.095
7.095
7.095
7.095
7.095
7.095
7.095
7.095
7.095
7.095
6.3731
6.3731
6.3731
6.3731
6.3731
6.3731
6.3731
6.3731
6.3731
6.3731
2.7038
2.7038
2.7038
2.7038
2.7038
2.7038
2.7038
2.7038
2.7038
2.7038
-1.5754
-1.5754
-1.5754
-1.5754
-1.5754
-1.5754
-1.5754
-1.5754
-1.5754
-1.5754
-8.8119
-8.8119
-8.8119
-8.8119
-8.8119
-8.8119
-8.8119
-8.8119
-8.8119
-8.8119
-6.273
-6.273
-6.273
-6.273
-6.273
-6.273
-6.273
-6.273
-6.273
-6.273
-4.35865
-4.35865
-4.35865
-4.35865
-4.35865
-4.35865
-4.35865
-4.35865
-4.35865
-4.35865
3.09225
3.09225
3.09225
3.09225
3.09225
3.09225
3.09225
3.09225
3.09225
3.09225
4.0546
4.0546
4.0546
4.0546
4.0546
4.0546
4.0546
4.0546
4.0546
4.0546
5.4845
5.4845
5.4845
5.4845
5.4845
5.4845
5.4845
5.4845
5.4845
5.4845
6.2504
6.2504
6.2504
6.2504
6.2504
6.2504
6.2504
6.2504
6.2504
6.2504
8.44405
8.44405
8.44405
8.44405
8.44405
8.44405
8.44405
8.44405
8.44405
8.44405
10.01105
10.01105
10.01105
10.01105
10.01105
10.01105
10.01105
10.01105
10.01105
10.01105
12.31235
12.31235
12.31235
12.31235
12.31235
12.31235
12.31235
12.31235
12.31235
12.31235
13.2422
13.2422
13.2422
13.2422
13.2422
13.2422
13.2422
13.2422
13.2422
13.2422
14.1618
14.1618
14.1618
14.1618
14.1618
14.1618
14.1618
14.1618
14.1618
14.1618
10.74045
10.74045
10.74045
10.74045
10.74045
10.74045
10.74045
10.74045
10.74045
10.74045
9.3103
9.3103
9.3103
9.3103
9.3103
9.3103
9.3103
9.3103
9.3103
9.3103
7.89905
7.89905
7.89905
7.89905
7.89905
7.89905
7.89905
7.89905
7.89905
7.89905
7.1706
7.1706
7.1706
7.1706
7.1706
7.1706
7.1706
7.1706
7.1706
7.1706
7.89965
7.89965
7.89965
7.89965
7.89965
7.89965
7.89965
7.89965
7.89965
7.89965
7.22245
7.22245
7.22245
7.22245
7.22245
7.22245
7.22245
7.22245
7.22245
7.22245
7.9532
7.9532
7.9532
7.9532
7.9532
7.9532
7.9532
7.9532
7.9532
7.9532
8.72755
8.72755
8.72755
8.72755
8.72755
8.72755
8.72755
8.72755
8.72755
8.72755
10.24975
10.24975
10.24975
10.24975
10.24975
10.24975
10.24975
10.24975
10.24975
10.24975
8.20095
8.20095
8.20095
8.20095
8.20095
8.20095
8.20095
8.20095
8.20095
8.20095
9.6348
9.6348
9.6348
9.6348
9.6348
9.6348
9.6348
9.6348
9.6348
9.6348
10.4698
10.4698
10.4698
10.4698
10.4698
10.4698
10.4698
10.4698
10.4698
10.4698
7.67875
7.67875
7.67875
7.67875
7.67875
7.67875
7.67875
7.67875
7.67875
7.67875
7.63085
7.63085
7.63085
7.63085
7.63085
7.63085
7.63085
7.63085
7.63085
7.63085
7.64975
7.64975
7.64975
7.64975
7.64975
7.64975
7.64975
7.64975
7.64975
7.64975
10.57035
10.57035
10.57035
10.57035
10.57035
10.57035
10.57035
10.57035
10.57035
10.57035
9.2793
9.2793
9.2793
9.2793
9.2793
9.2793
9.2793
9.2793
9.2793
9.2793
7.85325
7.85325
7.85325
7.85325
7.85325
7.85325
7.85325
7.85325
7.85325
7.85325
7.1109
7.1109
7.1109
7.1109
7.1109
7.1109
7.1109
7.1109
7.1109
7.1109
6.3731
6.3731
6.3731
6.3731
6.3731
6.3731
6.3731
6.3731
6.3731
6.3731
6.33735
6.33735
6.33735
6.33735
6.33735
6.33735
6.33735
6.33735
6.33735
6.33735
3.4084
3.4084
3.4084
3.4084
3.4084
3.4084
3.4084
3.4084
3.4084
3.4084
2.5263
2.5263
2.5263
2.5263
2.5263
2.5263
2.5263
2.5263
2.5263
2.5263
3.1199
3.1199
3.1199
3.1199
3.1199
3.1199
3.1199
3.1199
3.1199
3.1199
4.49385
4.49385
4.49385
4.49385
4.49385
4.49385
4.49385
4.49385
4.49385
4.49385
5.19715
5.19715
5.19715
5.19715
5.19715
5.19715
5.19715
5.19715
5.19715
5.19715
5.17785
5.17785
5.17785
5.17785
5.17785
5.17785
5.17785
5.17785
5.17785
5.17785
5.86705
5.86705
5.86705
5.86705
5.86705
5.86705
5.86705
5.86705
5.86705
5.86705
5.86615
5.86615
5.86615
5.86615
5.86615
5.86615
5.86615
5.86615
5.86615
5.86615
4.39855
4.39855
4.39855
4.39855
4.39855
4.39855
4.39855
4.39855
4.39855
4.39855
-0.257995
-0.257995
-0.257995
-0.257995
-0.257995
-0.257995
-0.257995
-0.257995
-0.257995
-0.257995
-0.05281
-0.05281
-0.05281
-0.05281
-0.05281
-0.05281
-0.05281
-0.05281
-0.05281
-0.05281
-0.1027
-0.1027
-0.1027
-0.1027
-0.1027
-0.1027
-0.1027
-0.1027
-0.1027
-0.1027
-0.00052595
-0.00052595
-0.00052595
-0.00052595
-0.00052595
-0.00052595
-0.00052595
-0.00052595
-0.00052595
-0.00052595
5.7986
5.7986
5.7986
5.7986
5.7986
5.7986
5.7986
5.7986
5.7986
5.7986
10.2682
10.2682
10.2682
10.2682
10.2682
10.2682
10.2682
10.2682
10.2682
10.2682
11.927
11.927
11.927
11.927
11.927
11.927
11.927
11.927
11.927
11.927
10.65335
10.65335
10.65335
10.65335
10.65335
10.65335
10.65335
10.65335
10.65335
10.65335
9.2754
9.2754
9.2754
9.2754
9.2754
9.2754
9.2754
9.2754
9.2754
9.2754
4.23975
4.23975
4.23975
4.23975
4.23975
4.23975
4.23975
4.23975
4.23975
4.23975
4.06345
4.06345
4.06345
4.06345
4.06345
4.06345
4.06345
4.06345
4.06345
4.06345
4.0114
4.0114
4.0114
4.0114
4.0114
4.0114
4.0114
4.0114
4.0114
4.0114
6.85885
6.85885
6.85885
6.85885
6.85885
6.85885
6.85885
6.85885
6.85885
6.85885
8.39035
8.39035
8.39035
8.39035
8.39035
8.39035
8.39035
8.39035
8.39035
8.39035
9.92585
9.92585
9.92585
9.92585
9.92585
9.92585
9.92585
9.92585
9.92585
9.92585
9.32775
9.32775
9.32775
9.32775
9.32775
9.32775
9.32775
9.32775
9.32775
9.32775
8.65425
8.65425
8.65425
8.65425
8.65425
8.65425
8.65425
8.65425
8.65425
8.65425
8.69065
8.69065
8.69065
8.69065
8.69065
8.69065
8.69065
8.69065
8.69065
8.69065
5.8457
5.8457
5.8457
5.8457
5.8457
5.8457
5.8457
5.8457
5.8457
5.8457
3.5862
3.5862
3.5862
3.5862
3.5862
3.5862
3.5862
3.5862
3.5862
3.5862
2.74065
2.74065
2.74065
2.74065
2.74065
2.74065
2.74065
2.74065
2.74065
2.74065
2.6328
2.6328
2.6328
2.6328
2.6328
2.6328
2.6328
2.6328
2.6328
2.6328
4.7152
4.7152
4.7152
4.7152
4.7152
4.7152
4.7152
4.7152
4.7152
4.7152
6.1864
6.1864
6.1864
6.1864
6.1864
6.1864
6.1864
6.1864
6.1864
6.1864
5.49445
5.49445
5.49445
5.49445
5.49445
5.49445
5.49445
5.49445
5.49445
5.49445
5.4587
5.4587
5.4587
5.4587
5.4587
5.4587
5.4587
5.4587
5.4587
5.4587
6.1695
6.1695
6.1695
6.1695
6.1695
6.1695
6.1695
6.1695
6.1695
6.1695
6.9125
6.9125
6.9125
6.9125
6.9125
6.9125
6.9125
6.9125
6.9125
6.9125
8.39035
8.39035
8.39035
8.39035
8.39035
8.39035
8.39035
8.39035
8.39035
8.39035
9.92585
9.92585
9.92585
9.92585
9.92585
9.92585
9.92585
9.92585
9.92585
9.92585
7.15335
7.15335
7.15335
7.15335
7.15335
7.15335
7.15335
7.15335
7.15335
7.15335
2.75925
2.75925
2.75925
2.75925
2.75925
2.75925
2.75925
2.75925
2.75925
2.75925
-0.03342
-0.03342
-0.03342
-0.03342
-0.03342
-0.03342
-0.03342
-0.03342
-0.03342
-0.03342
-1.11495
-1.11495
-1.11495
-1.11495
-1.11495
-1.11495
-1.11495
-1.11495
-1.11495
-1.11495
2.15105E-15
2.15105E-15
2.15105E-15
2.15105E-15
2.15105E-15
2.15105E-15
2.15105E-15
2.15105E-15
2.15105E-15
2.15105E-15
-0.006203
-0.006203
-0.006203
-0.006203
-0.006203
-0.006203
-0.006203
-0.006203
-0.006203
-0.006203
5.54845
5.54845
5.54845
5.54845
5.54845
5.54845
5.54845
5.54845
5.54845
5.54845
7.8536
7.8536
7.8536
7.8536
7.8536
7.8536
7.8536
7.8536
7.8536
7.8536
10.845
10.845
10.845
10.845
10.845
10.845
10.845
10.845
10.845
10.845
13.20535
13.20535
13.20535
13.20535
13.20535
13.20535
13.20535
13.20535
13.20535
13.20535
11.2576
11.2576
11.2576
11.2576
11.2576
11.2576
11.2576
11.2576
11.2576
11.2576
9.15505
9.15505
9.15505
9.15505
9.15505
9.15505
9.15505
9.15505
9.15505
9.15505
7.0002
7.0002
7.0002
7.0002
7.0002
7.0002
7.0002
7.0002
7.0002
7.0002
7.68775
7.68775
7.68775
7.68775
7.68775
7.68775
7.68775
7.68775
7.68775
7.68775
9.9079
9.9079
9.9079
9.9079
9.9079
9.9079
9.9079
9.9079
9.9079
9.9079
9.32775
9.32775
9.32775
9.32775
9.32775
9.32775
9.32775
9.32775
9.32775
9.32775
9.38085
9.38085
9.38085
9.38085
9.38085
9.38085
9.38085
9.38085
9.38085
9.38085
9.4519
9.4519
9.4519
9.4519
9.4519
9.4519
9.4519
9.4519
9.4519
9.4519
8.7987
8.7987
8.7987
8.7987
8.7987
8.7987
8.7987
8.7987
8.7987
8.7987
9.56065
9.56065
9.56065
9.56065
9.56065
9.56065
9.56065
9.56065
9.56065
9.56065
11.8276
11.8276
11.8276
11.8276
11.8276
11.8276
11.8276
11.8276
11.8276
11.8276
9.8278
9.8278
9.8278
9.8278
9.8278
9.8278
9.8278
9.8278
9.8278
9.8278
9.1313
9.1313
9.1313
9.1313
9.1313
9.1313
9.1313
9.1313
9.1313
9.1313
8.4421
8.4421
8.4421
8.4421
8.4421
8.4421
8.4421
8.4421
8.4421
8.4421
6.29145
6.29145
6.29145
6.29145
6.29145
6.29145
6.29145
6.29145
6.29145
6.29145
6.94835
6.94835
6.94835
6.94835
6.94835
6.94835
6.94835
6.94835
6.94835
6.94835
6.23895
6.23895
6.23895
6.23895
6.23895
6.23895
6.23895
6.23895
6.23895
6.23895
6.92975
6.92975
6.92975
6.92975
6.92975
6.92975
6.92975
6.92975
6.92975
6.92975
6.9461
6.9461
6.9461
6.9461
6.9461
6.9461
6.9461
6.9461
6.9461
6.9461
6.2199
6.2199
6.2199
6.2199
6.2199
6.2199
6.2199
6.2199
6.2199
6.2199
6.18385
6.18385
6.18385
6.18385
6.18385
6.18385
6.18385
6.18385
6.18385
6.18385
6.89265
6.89265
6.89265
6.89265
6.89265
6.89265
6.89265
6.89265
6.89265
6.89265
6.18175
6.18175
6.18175
6.18175
6.18175
6.18175
6.18175
6.18175
6.18175
6.18175
6.14565
6.14565
6.14565
6.14565
6.14565
6.14565
6.14565
6.14565
6.14565
6.14565
7.5782
7.5782
7.5782
7.5782
7.5782
7.5782
7.5782
7.5782
7.5782
7.5782
7.63085
7.63085
7.63085
7.63085
7.63085
7.63085
7.63085
7.63085
7.63085
7.63085
8.3726
8.3726
8.3726
8.3726
8.3726
8.3726
8.3726
8.3726
8.3726
8.3726
9.15475
9.15475
9.15475
9.15475
9.15475
9.15475
9.15475
9.15475
9.15475
9.15475
9.95115
9.95115
9.95115
9.95115
9.95115
9.95115
9.95115
9.95115
9.95115
9.95115
7.86945
7.86945
7.86945
7.86945
7.86945
7.86945
7.86945
7.86945
7.86945
7.86945
7.1109
7.1109
7.1109
7.1109
7.1109
7.1109
7.1109
7.1109
7.1109
7.1109
7.095
7.095
7.095
7.095
7.095
7.095
7.095
7.095
7.095
7.095
7.095
7.095
7.095
7.095
7.095
7.095
7.095
7.095
7.095
7.095
7.095
7.095
7.095
7.095
7.095
7.095
7.095
7.095
7.095
7.095
7.8236
7.8236
7.8236
7.8236
7.8236
7.8236
7.8236
7.8236
7.8236
7.8236
7.8591
7.8591
7.8591
7.8591
7.8591
7.8591
7.8591
7.8591
7.8591
7.8591
7.14825
7.14825
7.14825
7.14825
7.14825
7.14825
7.14825
7.14825
7.14825
7.14825
6.41165
6.41165
6.41165
6.41165
6.41165
6.41165
6.41165
6.41165
6.41165
6.41165
10.72935
10.72935
10.72935
10.72935
10.72935
10.72935
10.72935
10.72935
10.72935
10.72935
9.46985
9.46985
9.46985
9.46985
9.46985
9.46985
9.46985
9.46985
9.46985
9.46985
8.7688
8.7688
8.7688
8.7688
8.7688
8.7688
8.7688
8.7688
8.7688
8.7688
7.3371
7.3371
7.3371
7.3371
7.3371
7.3371
7.3371
7.3371
7.3371
7.3371
7.30485
7.30485
7.30485
7.30485
7.30485
7.30485
7.30485
7.30485
7.30485
7.30485
7.30485
7.30485
7.30485
7.30485
7.30485
7.30485
7.30485
7.30485
7.30485
7.30485
7.30485
7.30485
7.30485
7.30485
7.30485
7.30485
7.30485
7.30485
7.30485
7.30485
6.5863
6.5863
6.5863
6.5863
6.5863
6.5863
6.5863
6.5863
6.5863
6.5863
6.5508
6.5508
6.5508
6.5508
6.5508
6.5508
6.5508
6.5508
6.5508
6.5508
2.16785
2.16785
2.16785
2.16785
2.16785
2.16785
2.16785
2.16785
2.16785
2.16785
3.3857
3.3857
3.3857
3.3857
3.3857
3.3857
3.3857
3.3857
3.3857
3.3857
5.5005
5.5005
5.5005
5.5005
5.5005
5.5005
5.5005
5.5005
5.5005
5.5005
4.7869
4.7869
4.7869
4.7869
4.7869
4.7869
4.7869
4.7869
4.7869
4.7869
3.2646
3.2646
3.2646
3.2646
3.2646
3.2646
3.2646
3.2646
3.2646
3.2646
3.1364
3.1364
3.1364
3.1364
3.1364
3.1364
3.1364
3.1364
3.1364
3.1364
5.2182
5.2182
5.2182
5.2182
5.2182
5.2182
5.2182
5.2182
5.2182
5.2182
5.23285
5.23285
5.23285
5.23285
5.23285
5.23285
5.23285
5.23285
5.23285
5.23285
5.19605
5.19605
5.19605
5.19605
5.19605
5.19605
5.19605
5.19605
5.19605
5.19605
5.1598
5.1598
5.1598
5.1598
5.1598
5.1598
5.1598
5.1598
5.1598
5.1598
5.1238
5.1238
5.1238
5.1238
5.1238
5.1238
5.1238
5.1238
5.1238
5.1238
5.0878
5.0878
5.0878
5.0878
5.0878
5.0878
5.0878
5.0878
5.0878
5.0878
4.328
4.328
4.328
4.328
4.328
4.328
4.328
4.328
4.328
4.328
4.9805
4.9805
4.9805
4.9805
4.9805
4.9805
4.9805
4.9805
4.9805
4.9805
4.23905
4.23905
4.23905
4.23905
4.23905
4.23905
4.23905
4.23905
4.23905
4.23905
1.29585
1.29585
1.29585
1.29585
1.29585
1.29585
1.29585
1.29585
1.29585
1.29585
1.07555
1.07555
1.07555
1.07555
1.07555
1.07555
1.07555
1.07555
1.07555
1.07555
6.592E-16
6.592E-16
6.592E-16
6.592E-16
6.592E-16
6.592E-16
6.592E-16
6.592E-16
6.592E-16
6.592E-16
-5.01475
-5.01475
-5.01475
-5.01475
-5.01475
-5.01475
-5.01475
-5.01475
-5.01475
-5.01475
-3.4494
-3.4494
-3.4494
-3.4494
-3.4494
-3.4494
-3.4494
-3.4494
-3.4494
-3.4494
-1.59235
-1.59235
-1.59235
-1.59235
-1.59235
-1.59235
-1.59235
-1.59235
-1.59235
-1.59235
-4.37955
-4.37955
-4.37955
-4.37955
-4.37955
-4.37955
-4.37955
-4.37955
-4.37955
-4.37955
-1.8516
-1.8516
-1.8516
-1.8516
-1.8516
-1.8516
-1.8516
-1.8516
-1.8516
-1.8516
-0.022724
-0.022724
-0.022724
-0.022724
-0.022724
-0.022724
-0.022724
-0.022724
-0.022724
-0.022724
-0.00281375
-0.00281375
-0.00281375
-0.00281375
-0.00281375
-0.00281375
-0.00281375
-0.00281375
-0.00281375
-0.00281375
-0.457505
-0.457505
-0.457505
-0.457505
-0.457505
-0.457505
-0.457505
-0.457505
-0.457505
-0.457505
-0.5328
-0.5328
-0.5328
-0.5328
-0.5328
-0.5328
-0.5328
-0.5328
-0.5328
-0.5328
-1.9202
-1.9202
-1.9202
-1.9202
-1.9202
-1.9202
-1.9202
-1.9202
-1.9202
-1.9202
-1.6093
-1.6093
-1.6093
-1.6093
-1.6093
-1.6093
-1.6093
-1.6093
-1.6093
-1.6093
-0.7744
-0.7744
-0.7744
-0.7744
-0.7744
-0.7744
-0.7744
-0.7744
-0.7744
-0.7744
1.0745
1.0745
1.0745
1.0745
1.0745
1.0745
1.0745
1.0745
1.0745
1.0745
5.3927
5.3927
5.3927
5.3927
5.3927
5.3927
5.3927
5.3927
5.3927
5.3927
10.5699
10.5699
10.5699
10.5699
10.5699
10.5699
10.5699
10.5699
10.5699
10.5699
18.0391
18.0391
18.0391
18.0391
18.0391
18.0391
18.0391
18.0391
18.0391
18.0391
19.21895
19.21895
19.21895
19.21895
19.21895
19.21895
19.21895
19.21895
19.21895
19.21895
20.9523
20.9523
20.9523
20.9523
20.9523
20.9523
20.9523
20.9523
20.9523
20.9523
19.15555
19.15555
19.15555
19.15555
19.15555
19.15555
19.15555
19.15555
19.15555
19.15555
17.23495
17.23495
17.23495
17.23495
17.23495
17.23495
17.23495
17.23495
17.23495
17.23495
13.788
13.788
13.788
13.788
13.788
13.788
13.788
13.788
13.788
13.788
12.42295
12.42295
12.42295
12.42295
12.42295
12.42295
12.42295
12.42295
12.42295
12.42295
11.0876
11.0876
11.0876
11.0876
11.0876
11.0876
11.0876
11.0876
11.0876
11.0876
10.448
10.448
10.448
10.448
10.448
10.448
10.448
10.448
10.448
10.448
9.08585
9.08585
9.08585
9.08585
9.08585
9.08585
9.08585
9.08585
9.08585
9.08585
9.8383
9.8383
9.8383
9.8383
9.8383
9.8383
9.8383
9.8383
9.8383
9.8383
9.94405
9.94405
9.94405
9.94405
9.94405
9.94405
9.94405
9.94405
9.94405
9.94405
10.03245
10.03245
10.03245
10.03245
10.03245
10.03245
10.03245
10.03245
10.03245
10.03245
9.39815
9.39815
9.39815
9.39815
9.39815
9.39815
9.39815
9.39815
9.39815
9.39815
8.7262
8.7262
8.7262
8.7262
8.7262
8.7262
8.7262
8.7262
8.7262
8.7262
8.0414
8.0414
8.0414
8.0414
8.0414
8.0414
8.0414
8.0414
8.0414
8.0414
8.0602
8.0602
8.0602
8.0602
8.0602
8.0602
8.0602
8.0602
8.0602
8.0602
7.36825
7.36825
7.36825
7.36825
7.36825
7.36825
7.36825
7.36825
7.36825
7.36825
8.82015
8.82015
8.82015
8.82015
8.82015
8.82015
8.82015
8.82015
8.82015
8.82015
8.18555
8.18555
8.18555
8.18555
8.18555
8.18555
8.18555
8.18555
8.18555
8.18555
7.47915
7.47915
7.47915
7.47915
7.47915
7.47915
7.47915
7.47915
7.47915
7.47915
9.65475
9.65475
9.65475
9.65475
9.65475
9.65475
9.65475
9.65475
9.65475
9.65475
9.0565
9.0565
9.0565
9.0565
9.0565
9.0565
9.0565
9.0565
9.0565
9.0565
9.096
9.096
9.096
9.096
9.096
9.096
9.096
9.096
9.096
9.096
11.3281
11.3281
11.3281
11.3281
11.3281
11.3281
11.3281
11.3281
11.3281
11.3281
11.492
11.492
11.492
11.492
11.492
11.492
11.492
11.492
11.492
11.492
12.3325
12.3325
12.3325
12.3325
12.3325
12.3325
12.3325
12.3325
12.3325
12.3325
12.48555
12.48555
12.48555
12.48555
12.48555
12.48555
12.48555
12.48555
12.48555
12.48555
11.89785
11.89785
11.89785
11.89785
11.89785
11.89785
11.89785
11.89785
11.89785
11.89785
12.7301
12.7301
12.7301
12.7301
12.7301
12.7301
12.7301
12.7301
12.7301
12.7301
12.88745
12.88745
12.88745
12.88745
12.88745
12.88745
12.88745
12.88745
12.88745
12.88745
13.03135
13.03135
13.03135
13.03135
13.03135
13.03135
13.03135
13.03135
13.03135
13.03135
13.17695
13.17695
13.17695
13.17695
13.17695
13.17695
13.17695
13.17695
13.17695
13.17695
13.3241
13.3241
13.3241
13.3241
13.3241
13.3241
13.3241
13.3241
13.3241
13.3241
13.47285
13.47285
13.47285
13.47285
13.47285
13.47285
13.47285
13.47285
13.47285
13.47285
13.62325
13.62325
13.62325
13.62325
13.62325
13.62325
13.62325
13.62325
13.62325
13.62325
13.04725
13.04725
13.04725
13.04725
13.04725
13.04725
13.04725
13.04725
13.04725
13.04725
13.16655
13.16655
13.16655
13.16655
13.16655
13.16655
13.16655
13.16655
13.16655
13.16655
12.56775
12.56775
12.56775
12.56775
12.56775
12.56775
12.56775
12.56775
12.56775
12.56775
9.7406
9.7406
9.7406
9.7406
9.7406
9.7406
9.7406
9.7406
9.7406
9.7406
9.71185
9.71185
9.71185
9.71185
9.71185
9.71185
9.71185
9.71185
9.71185
9.71185
10.4681
10.4681
10.4681
10.4681
10.4681
10.4681
10.4681
10.4681
10.4681
10.4681
11.25585
11.25585
11.25585
11.25585
11.25585
11.25585
11.25585
11.25585
11.25585
11.25585
10.6072
10.6072
10.6072
10.6072
10.6072
10.6072
10.6072
10.6072
10.6072
10.6072
10.64015
10.64015
10.64015
10.64015
10.64015
10.64015
10.64015
10.64015
10.64015
10.64015
9.95185
9.95185
9.95185
9.95185
9.95185
9.95185
9.95185
9.95185
9.95185
9.95185
11.4276
11.4276
11.4276
11.4276
11.4276
11.4276
11.4276
11.4276
11.4276
11.4276
11.52235
11.52235
11.52235
11.52235
11.52235
11.52235
11.52235
11.52235
11.52235
11.52235
10.12685
10.12685
10.12685
10.12685
10.12685
10.12685
10.12685
10.12685
10.12685
10.12685
10.12545
10.12545
10.12545
10.12545
10.12545
10.12545
10.12545
10.12545
10.12545
10.12545
10.1489
10.1489
10.1489
10.1489
10.1489
10.1489
10.1489
10.1489
10.1489
10.1489
9.44095
9.44095
9.44095
9.44095
9.44095
9.44095
9.44095
9.44095
9.44095
9.44095
8.6941
8.6941
8.6941
8.6941
8.6941
8.6941
8.6941
8.6941
8.6941
8.6941
8.658
8.658
8.658
8.658
8.658
8.658
8.658
8.658
8.658
8.658
7.90765
7.90765
7.90765
7.90765
7.90765
7.90765
7.90765
7.90765
7.90765
7.90765
7.8487
7.8487
7.8487
7.8487
7.8487
7.8487
7.8487
7.8487
7.8487
7.8487
7.8024
7.8024
7.8024
7.8024
7.8024
7.8024
7.8024
7.8024
7.8024
7.8024
8.48315
8.48315
8.48315
8.48315
8.48315
8.48315
8.48315
8.48315
8.48315
8.48315
8.4731
8.4731
8.4731
8.4731
8.4731
8.4731
8.4731
8.4731
8.4731
8.4731
8.45055
8.45055
8.45055
8.45055
8.45055
8.45055
8.45055
8.45055
8.45055
8.45055
6.9696
6.9696
6.9696
6.9696
6.9696
6.9696
6.9696
6.9696
6.9696
6.9696
7.605
7.605
7.605
7.605
7.605
7.605
7.605
7.605
7.605
7.605
7.5723
7.5723
7.5723
7.5723
7.5723
7.5723
7.5723
7.5723
7.5723
7.5723
8.2581
8.2581
8.2581
8.2581
8.2581
8.2581
8.2581
8.2581
8.2581
8.2581
8.24875
8.24875
8.24875
8.24875
8.24875
8.24875
8.24875
8.24875
8.24875
8.24875
8.9569
8.9569
8.9569
8.9569
8.9569
8.9569
8.9569
8.9569
8.9569
8.9569
8.2394
8.2394
8.2394
8.2394
8.2394
8.2394
8.2394
8.2394
8.2394
8.2394
8.93425
8.93425
8.93425
8.93425
8.93425
8.93425
8.93425
8.93425
8.93425
8.93425
8.94745
8.94745
8.94745
8.94745
8.94745
8.94745
8.94745
8.94745
8.94745
8.94745
9.67665
9.67665
9.67665
9.67665
9.67665
9.67665
9.67665
9.67665
9.67665
9.67665
8.9832
8.9832
8.9832
8.9832
8.9832
8.9832
8.9832
8.9832
8.9832
8.9832
8.9701
8.9701
8.9701
8.9701
8.9701
8.9701
8.9701
8.9701
8.9701
8.9701
8.9701
8.9701
8.9701
8.9701
8.9701
8.9701
8.9701
8.9701
8.9701
8.9701
8.9701
8.9701
8.9701
8.9701
8.9701
8.9701
8.9701
8.9701
8.9701
8.9701
8.9701
8.9701
8.9701
8.9701
8.9701
8.9701
8.9701
8.9701
8.9701
8.9701
8.9701
8.9701
8.9701
8.9701
8.9701
8.9701
8.9701
8.9701
8.9701
8.9701
8.9701
8.9701
8.9701
8.9701
8.9701
8.9701
8.9701
8.9701
8.9701
8.9701
8.9701
8.9701
8.9701
8.9701
8.9701
8.9701
8.9701
8.9701
8.9701
8.9701
8.2394
8.2394
8.2394
8.2394
8.2394
8.2394
8.2394
8.2394
8.2394
8.2394
8.20415
8.20415
8.20415
8.20415
8.20415
8.20415
8.20415
8.20415
8.20415
8.20415
6.7241
6.7241
6.7241
6.7241
6.7241
6.7241
6.7241
6.7241
6.7241
6.7241
6.63065
6.63065
6.63065
6.63065
6.63065
6.63065
6.63065
6.63065
6.63065
6.63065
7.2854
7.2854
7.2854
7.2854
7.2854
7.2854
7.2854
7.2854
7.2854
7.2854
8.71755
8.71755
8.71755
8.71755
8.71755
8.71755
8.71755
8.71755
8.71755
8.71755
8.74485
8.74485
8.74485
8.74485
8.74485
8.74485
8.74485
8.74485
8.74485
8.74485
9.47685
9.47685
9.47685
9.47685
9.47685
9.47685
9.47685
9.47685
9.47685
9.47685
10.9723
10.9723
10.9723
10.9723
10.9723
10.9723
10.9723
10.9723
10.9723
10.9723
11.0649
11.0649
11.0649
11.0649
11.0649
11.0649
11.0649
11.0649
11.0649
11.0649
10.40385
10.40385
10.40385
10.40385
10.40385
10.40385
10.40385
10.40385
10.40385
10.40385
10.43585
10.43585
10.43585
10.43585
10.43585
10.43585
10.43585
10.43585
10.43585
10.43585
10.48105
10.48105
10.48105
10.48105
10.48105
10.48105
10.48105
10.48105
10.48105
10.48105
9.7916
9.7916
9.7916
9.7916
9.7916
9.7916
9.7916
9.7916
9.7916
9.7916
9.07385
9.07385
9.07385
9.07385
9.07385
9.07385
9.07385
9.07385
9.07385
9.07385
7.5986
7.5986
7.5986
7.5986
7.5986
7.5986
7.5986
7.5986
7.5986
7.5986
7.52655
7.52655
7.52655
7.52655
7.52655
7.52655
7.52655
7.52655
7.52655
7.52655
8.2134
8.2134
8.2134
8.2134
8.2134
8.2134
8.2134
8.2134
8.2134
8.2134
6.7463
6.7463
6.7463
6.7463
6.7463
6.7463
6.7463
6.7463
6.7463
6.7463
6.653
6.653
6.653
6.653
6.653
6.653
6.653
6.653
6.653
6.653
7.3081
7.3081
7.3081
7.3081
7.3081
7.3081
7.3081
7.3081
7.3081
7.3081
10.9323
10.9323
10.9323
10.9323
10.9323
10.9323
10.9323
10.9323
10.9323
10.9323
11.0649
11.0649
11.0649
11.0649
11.0649
11.0649
11.0649
11.0649
11.0649
11.0649
11.8662
11.8662
11.8662
11.8662
11.8662
11.8662
11.8662
11.8662
11.8662
11.8662
11.9693
11.9693
11.9693
11.9693
11.9693
11.9693
11.9693
11.9693
11.9693
11.9693
11.3273
11.3273
11.3273
11.3273
11.3273
11.3273
11.3273
11.3273
11.3273
11.3273
10.65275
10.65275
10.65275
10.65275
10.65275
10.65275
10.65275
10.65275
10.65275
10.65275
9.2233
9.2233
9.2233
9.2233
9.2233
9.2233
9.2233
9.2233
9.2233
9.2233
9.198
9.198
9.198
9.198
9.198
9.198
9.198
9.198
9.198
9.198
9.198
9.198
9.198
9.198
9.198
9.198
9.198
9.198
9.198
9.198
9.198
9.198
9.198
9.198
9.198
9.198
9.198
9.198
9.198
9.198
9.198
9.198
9.198
9.198
9.198
9.198
9.198
9.198
9.198
9.198
8.4631
8.4631
8.4631
8.4631
8.4631
8.4631
8.4631
8.4631
8.4631
8.4631
8.42805
8.42805
8.42805
8.42805
8.42805
8.42805
8.42805
8.42805
8.42805
8.42805
8.40555
8.40555
8.40555
8.40555
8.40555
8.40555
8.40555
8.40555
8.40555
8.40555
9.11645
9.11645
9.11645
9.11645
9.11645
9.11645
9.11645
9.11645
9.11645
9.11645
9.85685
9.85685
9.85685
9.85685
9.85685
9.85685
9.85685
9.85685
9.85685
9.85685
9.89285
9.89285
9.89285
9.89285
9.89285
9.89285
9.89285
9.89285
9.89285
9.89285
9.916
9.916
9.916
9.916
9.916
9.916
9.916
9.916
9.916
9.916
9.93915
9.93915
9.93915
9.93915
9.93915
9.93915
9.93915
9.93915
9.93915
9.93915
11.4276
11.4276
11.4276
11.4276
11.4276
11.4276
11.4276
11.4276
11.4276
11.4276
12.98765
12.98765
12.98765
12.98765
12.98765
12.98765
12.98765
12.98765
12.98765
12.98765
10.9293
10.9293
10.9293
10.9293
10.9293
10.9293
10.9293
10.9293
10.9293
10.9293
11.6736
11.6736
11.6736
11.6736
11.6736
11.6736
11.6736
11.6736
11.6736
11.6736
12.48735
12.48735
12.48735
12.48735
12.48735
12.48735
12.48735
12.48735
12.48735
12.48735
10.3967
10.3967
10.3967
10.3967
10.3967
10.3967
10.3967
10.3967
10.3967
10.3967
9.65035
9.65035
9.65035
9.65035
9.65035
9.65035
9.65035
9.65035
9.65035
9.65035
8.90695
8.90695
8.90695
8.90695
8.90695
8.90695
8.90695
8.90695
8.90695
8.90695
8.14045
8.14045
8.14045
8.14045
8.14045
8.14045
8.14045
8.14045
8.14045
8.14045
8.08155
8.08155
8.08155
8.08155
8.08155
8.08155
8.08155
8.08155
8.08155
8.08155
8.0348
8.0348
8.0348
8.0348
8.0348
8.0348
8.0348
8.0348
8.0348
8.0348
8.71625
8.71625
8.71625
8.71625
8.71625
8.71625
8.71625
8.71625
8.71625
8.71625
8.70515
8.70515
8.70515
8.70515
8.70515
8.70515
8.70515
8.70515
8.70515
8.70515
8.68155
8.68155
8.68155
8.68155
8.68155
8.68155
8.68155
8.68155
8.68155
8.68155
7.9308
7.9308
7.9308
7.9308
7.9308
7.9308
7.9308
7.9308
7.9308
7.9308
8.5982
8.5982
8.5982
8.5982
8.5982
8.5982
8.5982
8.5982
8.5982
8.5982
8.5875
8.5875
8.5875
8.5875
8.5875
8.5875
8.5875
8.5875
8.5875
8.5875
8.56405
8.56405
8.56405
8.56405
8.56405
8.56405
8.56405
8.56405
8.56405
8.56405
9.2774
9.2774
9.2774
9.2774
9.2774
9.2774
9.2774
9.2774
9.2774
9.2774
8.5534
8.5534
8.5534
8.5534
8.5534
8.5534
8.5534
8.5534
8.5534
8.5534
8.51825
8.51825
8.51825
8.51825
8.51825
8.51825
8.51825
8.51825
8.51825
8.51825
8.49565
8.49565
8.49565
8.49565
8.49565
8.49565
8.49565
8.49565
8.49565
8.49565
8.4731
8.4731
8.4731
8.4731
8.4731
8.4731
8.4731
8.4731
8.4731
8.4731
8.45055
8.45055
8.45055
8.45055
8.45055
8.45055
8.45055
8.45055
8.45055
8.45055
9.1623
9.1623
9.1623
9.1623
9.1623
9.1623
9.1623
9.1623
9.1623
9.1623
9.1751
9.1751
9.1751
9.1751
9.1751
9.1751
9.1751
9.1751
9.1751
9.1751
9.1751
9.1751
9.1751
9.1751
9.1751
9.1751
9.1751
9.1751
9.1751
9.1751
9.1751
9.1751
9.1751
9.1751
9.1751
9.1751
9.1751
9.1751
9.1751
9.1751
9.90315
9.90315
9.90315
9.90315
9.90315
9.90315
9.90315
9.90315
9.90315
9.90315
9.93915
9.93915
9.93915
9.93915
9.93915
9.93915
9.93915
9.93915
9.93915
9.93915
9.2336
9.2336
9.2336
9.2336
9.2336
9.2336
9.2336
9.2336
9.2336
9.2336
9.94955
9.94955
9.94955
9.94955
9.94955
9.94955
9.94955
9.94955
9.94955
9.94955
9.25655
9.25655
9.25655
9.25655
9.25655
9.25655
9.25655
9.25655
9.25655
9.25655
9.24395
9.24395
9.24395
9.24395
9.24395
9.24395
9.24395
9.24395
9.24395
9.24395
8.5081
8.5081
8.5081
8.5081
8.5081
8.5081
8.5081
8.5081
8.5081
8.5081
8.4731
8.4731
8.4731
8.4731
8.4731
8.4731
8.4731
8.4731
8.4731
8.4731
9.18525
9.18525
9.18525
9.18525
9.18525
9.18525
9.18525
9.18525
9.18525
9.18525
9.198
9.198
9.198
9.198
9.198
9.198
9.198
9.198
9.198
9.198
9.198
9.198
9.198
9.198
9.198
9.198
9.198
9.198
9.198
9.198
9.198
9.198
9.198
9.198
9.198
9.198
9.198
9.198
9.198
9.198
9.198
9.198
9.198
9.198
9.198
9.198
9.198
9.198
9.198
9.198
8.4631
8.4631
8.4631
8.4631
8.4631
8.4631
8.4631
8.4631
8.4631
8.4631
9.1623
9.1623
9.1623
9.1623
9.1623
9.1623
9.1623
9.1623
9.1623
9.1623
9.90315
9.90315
9.90315
9.90315
9.90315
9.90315
9.90315
9.90315
9.90315
9.90315
9.93915
9.93915
9.93915
9.93915
9.93915
9.93915
9.93915
9.93915
9.93915
9.93915
9.2336
9.2336
9.2336
9.2336
9.2336
9.2336
9.2336
9.2336
9.2336
9.2336
9.94955
9.94955
9.94955
9.94955
9.94955
9.94955
9.94955
9.94955
9.94955
9.94955
9.98555
9.98555
9.98555
9.98555
9.98555
9.98555
9.98555
9.98555
9.98555
9.98555
9.2795
9.2795
9.2795
9.2795
9.2795
9.2795
9.2795
9.2795
9.2795
9.2795
9.26695
9.26695
9.26695
9.26695
9.26695
9.26695
9.26695
9.26695
9.26695
9.26695
8.53065
8.53065
8.53065
8.53065
8.53065
8.53065
8.53065
8.53065
8.53065
8.53065
8.49565
8.49565
8.49565
8.49565
8.49565
8.49565
8.49565
8.49565
8.49565
8.49565
8.4731
8.4731
8.4731
8.4731
8.4731
8.4731
8.4731
8.4731
8.4731
8.4731
7.723
7.723
7.723
7.723
7.723
7.723
7.723
7.723
7.723
7.723
6.9345
6.9345
6.9345
6.9345
6.9345
6.9345
6.9345
6.9345
6.9345
6.9345
6.1184
6.1184
6.1184
6.1184
6.1184
6.1184
6.1184
6.1184
6.1184
6.1184
8.20955
8.20955
8.20955
8.20955
8.20955
8.20955
8.20955
8.20955
8.20955
8.20955
6.03005
6.03005
6.03005
6.03005
6.03005
6.03005
6.03005
6.03005
6.03005
6.03005
5.1695
5.1695
5.1695
5.1695
5.1695
5.1695
5.1695
5.1695
5.1695
5.1695
7.9724
7.9724
7.9724
7.9724
7.9724
7.9724
7.9724
7.9724
7.9724
7.9724
7.2678
7.2678
7.2678
7.2678
7.2678
7.2678
7.2678
7.2678
7.2678
7.2678
6.4887
6.4887
6.4887
6.4887
6.4887
6.4887
6.4887
6.4887
6.4887
6.4887
6.40845
6.40845
6.40845
6.40845
6.40845
6.40845
6.40845
6.40845
6.40845
6.40845
7.8008
7.8008
7.8008
7.8008
7.8008
7.8008
7.8008
7.8008
7.8008
7.8008
7.8067
7.8067
7.8067
7.8067
7.8067
7.8067
7.8067
7.8067
7.8067
7.8067
7.78485
7.78485
7.78485
7.78485
7.78485
7.78485
7.78485
7.78485
7.78485
7.78485
8.4879
8.4879
8.4879
8.4879
8.4879
8.4879
8.4879
8.4879
8.4879
8.4879
8.50155
8.50155
8.50155
8.50155
8.50155
8.50155
8.50155
8.50155
8.50155
8.50155
8.50155
8.50155
8.50155
8.50155
8.50155
8.50155
8.50155
8.50155
8.50155
8.50155
8.50155
8.50155
8.50155
8.50155
8.50155
8.50155
8.50155
8.50155
8.50155
8.50155
8.50155
8.50155
8.50155
8.50155
8.50155
8.50155
8.50155
8.50155
8.50155
8.50155
9.2356
9.2356
9.2356
9.2356
9.2356
9.2356
9.2356
9.2356
9.2356
9.2356
8.5364
8.5364
8.5364
8.5364
8.5364
8.5364
8.5364
8.5364
8.5364
8.5364
8.5229
8.5229
8.5229
8.5229
8.5229
8.5229
8.5229
8.5229
8.5229
8.5229
8.5229
8.5229
8.5229
8.5229
8.5229
8.5229
8.5229
8.5229
8.5229
8.5229
8.5229
8.5229
8.5229
8.5229
8.5229
8.5229
8.5229
8.5229
8.5229
8.5229
8.5229
8.5229
8.5229
8.5229
8.5229
8.5229
8.5229
8.5229
8.5229
8.5229
9.25735
9.25735
9.25735
9.25735
9.25735
9.25735
9.25735
9.25735
9.25735
9.25735
8.55835
8.55835
8.55835
8.55835
8.55835
8.55835
8.55835
8.55835
8.55835
8.55835
7.82055
7.82055
7.82055
7.82055
7.82055
7.82055
7.82055
7.82055
7.82055
7.82055
7.78485
7.78485
7.78485
7.78485
7.78485
7.78485
7.78485
7.78485
7.78485
7.78485
8.4879
8.4879
8.4879
8.4879
8.4879
8.4879
8.4879
8.4879
8.4879
8.4879
7.77695
7.77695
7.77695
7.77695
7.77695
7.77695
7.77695
7.77695
7.77695
7.77695
7.7412
7.7412
7.7412
7.7412
7.7412
7.7412
7.7412
7.7412
7.7412
7.7412
7.7194
7.7194
7.7194
7.7194
7.7194
7.7194
7.7194
7.7194
7.7194
7.7194
6.96885
6.96885
6.96885
6.96885
6.96885
6.96885
6.96885
6.96885
6.96885
6.96885
7.64
7.64
7.64
7.64
7.64
7.64
7.64
7.64
7.64
7.64
8.36005
8.36005
8.36005
8.36005
8.36005
8.36005
8.36005
8.36005
8.36005
8.36005
7.64675
7.64675
7.64675
7.64675
7.64675
7.64675
7.64675
7.64675
7.64675
7.64675
7.6109
7.6109
7.6109
7.6109
7.6109
7.6109
7.6109
7.6109
7.6109
7.6109
8.3176
8.3176
8.3176
8.3176
8.3176
8.3176
8.3176
8.3176
8.3176
8.3176
8.33155
8.33155
8.33155
8.33155
8.33155
8.33155
8.33155
8.33155
8.33155
8.33155
7.60355
7.60355
7.60355
7.60355
7.60355
7.60355
7.60355
7.60355
7.60355
7.60355
8.2964
8.2964
8.2964
8.2964
8.2964
8.2964
8.2964
8.2964
8.2964
8.2964
8.3104
8.3104
8.3104
8.3104
8.3104
8.3104
8.3104
8.3104
8.3104
8.3104
8.3104
8.3104
8.3104
8.3104
8.3104
8.3104
8.3104
8.3104
8.3104
8.3104
8.3104
8.3104
8.3104
8.3104
8.3104
8.3104
8.3104
8.3104
8.3104
8.3104
8.3104
8.3104
8.3104
8.3104
8.3104
8.3104
8.3104
8.3104
8.3104
8.3104
8.3104
8.3104
8.3104
8.3104
8.3104
8.3104
8.3104
8.3104
8.3104
8.3104
8.3104
8.3104
8.3104
8.3104
8.3104
8.3104
8.3104
8.3104
8.3104
8.3104
9.04075
9.04075
9.04075
9.04075
9.04075
9.04075
9.04075
9.04075
9.04075
9.04075
9.0764
9.0764
9.0764
9.0764
9.0764
9.0764
9.0764
9.0764
9.0764
9.0764
10.55675
10.55675
10.55675
10.55675
10.55675
10.55675
10.55675
10.55675
10.55675
10.55675
10.6492
10.6492
10.6492
10.6492
10.6492
10.6492
10.6492
10.6492
10.6492
10.6492
9.2551
9.2551
9.2551
9.2551
9.2551
9.2551
9.2551
9.2551
9.2551
9.2551
9.24935
9.24935
9.24935
9.24935
9.24935
9.24935
9.24935
9.24935
9.24935
9.24935
9.2711
9.2711
9.2711
9.2711
9.2711
9.2711
9.2711
9.2711
9.2711
9.2711
9.2929
9.2929
9.2929
9.2929
9.2929
9.2929
9.2929
9.2929
9.2929
9.2929
8.58045
8.58045
8.58045
8.58045
8.58045
8.58045
8.58045
8.58045
8.58045
8.58045
9.30105
9.30105
9.30105
9.30105
9.30105
9.30105
9.30105
9.30105
9.30105
9.30105
9.33655
9.33655
9.33655
9.33655
9.33655
9.33655
9.33655
9.33655
9.33655
9.33655
9.3584
9.3584
9.3584
9.3584
9.3584
9.3584
9.3584
9.3584
9.3584
9.3584
9.3803
9.3803
9.3803
9.3803
9.3803
9.3803
9.3803
9.3803
9.3803
9.3803
9.4022
9.4022
9.4022
9.4022
9.4022
9.4022
9.4022
9.4022
9.4022
9.4022
9.42415
9.42415
9.42415
9.42415
9.42415
9.42415
9.42415
9.42415
9.42415
9.42415
9.44615
9.44615
9.44615
9.44615
9.44615
9.44615
9.44615
9.44615
9.44615
9.44615
9.46815
9.46815
9.46815
9.46815
9.46815
9.46815
9.46815
9.46815
9.46815
9.46815
8.75835
8.75835
8.75835
8.75835
8.75835
8.75835
8.75835
8.75835
8.75835
8.75835
8.74485
8.74485
8.74485
8.74485
8.74485
8.74485
8.74485
8.74485
8.74485
8.74485
8.74485
8.74485
8.74485
8.74485
8.74485
8.74485
8.74485
8.74485
8.74485
8.74485
8.74485
8.74485
8.74485
8.74485
8.74485
8.74485
8.74485
8.74485
8.74485
8.74485
8.74485
8.74485
8.74485
8.74485
8.74485
8.74485
8.74485
8.74485
8.74485
8.74485
8.74485
8.74485
8.74485
8.74485
8.74485
8.74485
8.74485
8.74485
8.74485
8.74485
8.74485
8.74485
8.74485
8.74485
8.74485
8.74485
8.74485
8.74485
8.74485
8.74485
8.74485
8.74485
8.74485
8.74485
8.74485
8.74485
8.74485
8.74485
8.74485
8.74485
8.74485
8.74485
8.74485
8.74485
8.74485
8.74485
8.74485
8.74485
8.74485
8.74485
8.74485
8.74485
8.74485
8.74485
8.74485
8.74485
8.74485
8.74485
8.74485
8.74485
8.74485
8.74485
8.74485
8.74485
8.74485
8.74485
8.74485
8.74485
8.74485
8.74485
8.74485
8.74485
8.74485
8.74485
8.74485
8.74485
8.74485
8.74485
8.74485
8.74485
8.74485
8.74485
8.74485
8.74485
8.74485
8.74485
8.74485
8.74485
8.74485
8.74485
8.01795
8.01795
8.01795
8.01795
8.01795
8.01795
8.01795
8.01795
8.01795
8.01795
8.7088
8.7088
8.7088
8.7088
8.7088
8.7088
8.7088
8.7088
8.7088
8.7088
8.72245
8.72245
8.72245
8.72245
8.72245
8.72245
8.72245
8.72245
8.72245
8.72245
7.9959
7.9959
7.9959
7.9959
7.9959
7.9959
7.9959
7.9959
7.9959
7.9959
7.2247
7.2247
7.2247
7.2247
7.2247
7.2247
7.2247
7.2247
7.2247
7.2247
7.16855
7.16855
7.16855
7.16855
7.16855
7.16855
7.16855
7.16855
7.16855
7.16855
7.1257
7.1257
7.1257
7.1257
7.1257
7.1257
7.1257
7.1257
7.1257
7.1257
7.8147
7.8147
7.8147
7.8147
7.8147
7.8147
7.8147
7.8147
7.8147
7.8147
7.8067
7.8067
7.8067
7.8067
7.8067
7.8067
7.8067
7.8067
7.8067
7.8067
7.78485
7.78485
7.78485
7.78485
7.78485
7.78485
7.78485
7.78485
7.78485
7.78485
6.30435
6.30435
6.30435
6.30435
6.30435
6.30435
6.30435
6.30435
6.30435
6.30435
6.94115
6.94115
6.94115
6.94115
6.94115
6.94115
6.94115
6.94115
6.94115
6.94115
6.91255
6.91255
6.91255
6.91255
6.91255
6.91255
6.91255
6.91255
6.91255
6.91255
7.5966
7.5966
7.5966
7.5966
7.5966
7.5966
7.5966
7.5966
7.5966
7.5966
6.12955
6.12955
6.12955
6.12955
6.12955
6.12955
6.12955
6.12955
6.12955
6.12955
5.3049
5.3049
5.3049
5.3049
5.3049
5.3049
5.3049
5.3049
5.3049
5.3049
7.39435
7.39435
7.39435
7.39435
7.39435
7.39435
7.39435
7.39435
7.39435
7.39435
6.6946
6.6946
6.6946
6.6946
6.6946
6.6946
6.6946
6.6946
6.6946
6.6946
6.6381
6.6381
6.6381
6.6381
6.6381
6.6381
6.6381
6.6381
6.6381
6.6381
5.8596
5.8596
5.8596
5.8596
5.8596
5.8596
5.8596
5.8596
5.8596
5.8596
6.5184
6.5184
6.5184
6.5184
6.5184
6.5184
6.5184
6.5184
6.5184
6.5184
6.49145
6.49145
6.49145
6.49145
6.49145
6.49145
6.49145
6.49145
6.49145
6.49145
7.1717
7.1717
7.1717
7.1717
7.1717
7.1717
7.1717
7.1717
7.1717
7.1717
7.16605
7.16605
7.16605
7.16605
7.16605
7.16605
7.16605
7.16605
7.16605
7.16605
7.8777
7.8777
7.8777
7.8777
7.8777
7.8777
7.8777
7.8777
7.8777
7.8777
7.8926
7.8926
7.8926
7.8926
7.8926
7.8926
7.8926
7.8926
7.8926
7.8926
7.8926
7.8926
7.8926
7.8926
7.8926
7.8926
7.8926
7.8926
7.8926
7.8926
8.61585
8.61585
8.61585
8.61585
8.61585
8.61585
8.61585
8.61585
8.61585
8.61585
7.19495
7.19495
7.19495
7.19495
7.19495
7.19495
7.19495
7.19495
7.19495
7.19495
7.8777
7.8777
7.8777
7.8777
7.8777
7.8777
7.8777
7.8777
7.8777
7.8777
7.16045
7.16045
7.16045
7.16045
7.16045
7.16045
7.16045
7.16045
7.16045
7.16045
5.6682
5.6682
5.6682
5.6682
5.6682
5.6682
5.6682
5.6682
5.6682
5.6682
6.3098
6.3098
6.3098
6.3098
6.3098
6.3098
6.3098
6.3098
6.3098
6.3098
5.5504
5.5504
5.5504
5.5504
5.5504
5.5504
5.5504
5.5504
5.5504
5.5504
4.74625
4.74625
4.74625
4.74625
4.74625
4.74625
4.74625
4.74625
4.74625
4.74625
4.65035
4.65035
4.65035
4.65035
4.65035
4.65035
4.65035
4.65035
4.65035
4.65035
3.84425
3.84425
3.84425
3.84425
3.84425
3.84425
3.84425
3.84425
3.84425
3.84425
3.7294
3.7294
3.7294
3.7294
3.7294
3.7294
3.7294
3.7294
3.7294
3.7294
2.90455
2.90455
2.90455
2.90455
2.90455
2.90455
2.90455
2.90455
2.90455
2.90455
3.49915
3.49915
3.49915
3.49915
3.49915
3.49915
3.49915
3.49915
3.49915
3.49915
6.32905
6.32905
6.32905
6.32905
6.32905
6.32905
6.32905
6.32905
6.32905
6.32905
6.37595
6.37595
6.37595
6.37595
6.37595
6.37595
6.37595
6.37595
6.37595
6.37595
7.079
7.079
7.079
7.079
7.079
7.079
7.079
7.079
7.079
7.079
7.8236
7.8236
7.8236
7.8236
7.8236
7.8236
7.8236
7.8236
7.8236
7.8236
9.31
9.31
9.31
9.31
9.31
9.31
9.31
9.31
9.31
9.31
10.85165
10.85165
10.85165
10.85165
10.85165
10.85165
10.85165
10.85165
10.85165
10.85165
8.07645
8.07645
8.07645
8.07645
8.07645
8.07645
8.07645
8.07645
8.07645
8.07645
8.0329
8.0329
8.0329
8.0329
8.0329
8.0329
8.0329
8.0329
8.0329
8.0329
7.321
7.321
7.321
7.321
7.321
7.321
7.321
7.321
7.321
7.321
6.5863
6.5863
6.5863
6.5863
6.5863
6.5863
6.5863
6.5863
6.5863
6.5863
7.2687
7.2687
7.2687
7.2687
7.2687
7.2687
7.2687
7.2687
7.2687
7.2687
6.5668
6.5668
6.5668
6.5668
6.5668
6.5668
6.5668
6.5668
6.5668
6.5668
5.0701
5.0701
5.0701
5.0701
5.0701
5.0701
5.0701
5.0701
5.0701
5.0701
4.9796
4.9796
4.9796
4.9796
4.9796
4.9796
4.9796
4.9796
4.9796
4.9796
4.9218
4.9218
4.9218
4.9218
4.9218
4.9218
4.9218
4.9218
4.9218
4.9218
6.32345
6.32345
6.32345
6.32345
6.32345
6.32345
6.32345
6.32345
6.32345
6.32345
6.33735
6.33735
6.33735
6.33735
6.33735
6.33735
6.33735
6.33735
6.33735
6.33735
6.31805
6.31805
6.31805
6.31805
6.31805
6.31805
6.31805
6.31805
6.31805
6.31805
8.4707
8.4707
8.4707
8.4707
8.4707
8.4707
8.4707
8.4707
8.4707
8.4707
10.0119
10.0119
10.0119
10.0119
10.0119
10.0119
10.0119
10.0119
10.0119
10.0119
12.3009
12.3009
12.3009
12.3009
12.3009
12.3009
12.3009
12.3009
12.3009
12.3009
8.1267
8.1267
8.1267
8.1267
8.1267
8.1267
8.1267
8.1267
8.1267
8.1267
6.6022
6.6022
6.6022
6.6022
6.6022
6.6022
6.6022
6.6022
6.6022
6.6022
6.5508
6.5508
6.5508
6.5508
6.5508
6.5508
6.5508
6.5508
6.5508
6.5508
-0.006955
-0.006955
-0.006955
-0.006955
-0.006955
-0.006955
-0.006955
-0.006955
-0.006955
-0.006955
-5.551E-16
-5.551E-16
-5.551E-16
-5.551E-16
-5.551E-16
-5.551E-16
-5.551E-16
-5.551E-16
-5.551E-16
-5.551E-16
8.604E-16
8.604E-16
8.604E-16
8.604E-16
8.604E-16
8.604E-16
8.604E-16
8.604E-16
8.604E-16
8.604E-16
5.874
5.874
5.874
5.874
5.874
5.874
5.874
5.874
5.874
5.874
6.72655
6.72655
6.72655
6.72655
6.72655
6.72655
6.72655
6.72655
6.72655
6.72655
7.4635
7.4635
7.4635
7.4635
7.4635
7.4635
7.4635
7.4635
7.4635
7.4635
11.8517
11.8517
11.8517
11.8517
11.8517
11.8517
11.8517
11.8517
11.8517
11.8517
13.53435
13.53435
13.53435
13.53435
13.53435
13.53435
13.53435
13.53435
13.53435
13.53435
15.95105
15.95105
15.95105
15.95105
15.95105
15.95105
15.95105
15.95105
15.95105
15.95105
12.5631
12.5631
12.5631
12.5631
12.5631
12.5631
12.5631
12.5631
12.5631
12.5631
14.0884
14.0884
14.0884
14.0884
14.0884
14.0884
14.0884
14.0884
14.0884
14.0884
14.3037
14.3037
14.3037
14.3037
14.3037
14.3037
14.3037
14.3037
14.3037
14.3037
13.01925
13.01925
13.01925
13.01925
13.01925
13.01925
13.01925
13.01925
13.01925
13.01925
11.67695
11.67695
11.67695
11.67695
11.67695
11.67695
11.67695
11.67695
11.67695
11.67695
10.29445
10.29445
10.29445
10.29445
10.29445
10.29445
10.29445
10.29445
10.29445
10.29445
12.5153
12.5153
12.5153
12.5153
12.5153
12.5153
12.5153
12.5153
12.5153
12.5153
11.2256
11.2256
11.2256
11.2256
11.2256
11.2256
11.2256
11.2256
11.2256
11.2256
9.097
9.097
9.097
9.097
9.097
9.097
9.097
9.097
9.097
9.097
10.53515
10.53515
10.53515
10.53515
10.53515
10.53515
10.53515
10.53515
10.53515
10.53515
10.62765
10.62765
10.62765
10.62765
10.62765
10.62765
10.62765
10.62765
10.62765
10.62765
11.422
11.422
11.422
11.422
11.422
11.422
11.422
11.422
11.422
11.422
10.79275
10.79275
10.79275
10.79275
10.79275
10.79275
10.79275
10.79275
10.79275
10.79275
8.65215
8.65215
8.65215
8.65215
8.65215
8.65215
8.65215
8.65215
8.65215
8.65215
5.69165
5.69165
5.69165
5.69165
5.69165
5.69165
5.69165
5.69165
5.69165
5.69165
4.81865
4.81865
4.81865
4.81865
4.81865
4.81865
4.81865
4.81865
4.81865
4.81865
1.7893
1.7893
1.7893
1.7893
1.7893
1.7893
1.7893
1.7893
1.7893
1.7893
3.6221E-15
3.6221E-15
3.6221E-15
3.6221E-15
3.6221E-15
3.6221E-15
3.6221E-15
3.6221E-15
3.6221E-15
3.6221E-15
-6.2955
-6.2955
-6.2955
-6.2955
-6.2955
-6.2955
-6.2955
-6.2955
-6.2955
-6.2955
-5.1525
-5.1525
-5.1525
-5.1525
-5.1525
-5.1525
-5.1525
-5.1525
-5.1525
-5.1525
-3.7574
-3.7574
-3.7574
-3.7574
-3.7574
-3.7574
-3.7574
-3.7574
-3.7574
-3.7574
4.3283
4.3283
4.3283
4.3283
4.3283
4.3283
4.3283
4.3283
4.3283
4.3283
5.25265
5.25265
5.25265
5.25265
5.25265
5.25265
5.25265
5.25265
5.25265
5.25265
6.69125
6.69125
6.69125
6.69125
6.69125
6.69125
6.69125
6.69125
6.69125
6.69125
8.8957
8.8957
8.8957
8.8957
8.8957
8.8957
8.8957
8.8957
8.8957
8.8957
10.45305
10.45305
10.45305
10.45305
10.45305
10.45305
10.45305
10.45305
10.45305
10.45305
12.031
12.031
12.031
12.031
12.031
12.031
12.031
12.031
12.031
12.031
12.1955
12.1955
12.1955
12.1955
12.1955
12.1955
12.1955
12.1955
12.1955
12.1955
11.60425
11.60425
11.60425
11.60425
11.60425
11.60425
11.60425
11.60425
11.60425
11.60425
12.4303
12.4303
12.4303
12.4303
12.4303
12.4303
12.4303
12.4303
12.4303
12.4303
12.5848
12.5848
12.5848
12.5848
12.5848
12.5848
12.5848
12.5848
12.5848
12.5848
11.2682
11.2682
11.2682
11.2682
11.2682
11.2682
11.2682
11.2682
11.2682
11.2682
10.61225
10.61225
10.61225
10.61225
10.61225
10.61225
10.61225
10.61225
10.61225
10.61225
12.13395
12.13395
12.13395
12.13395
12.13395
12.13395
12.13395
12.13395
12.13395
12.13395
11.55885
11.55885
11.55885
11.55885
11.55885
11.55885
11.55885
11.55885
11.55885
11.55885
10.19
10.19
10.19
10.19
10.19
10.19
10.19
10.19
10.19
10.19
5.1206
5.1206
5.1206
5.1206
5.1206
5.1206
5.1206
5.1206
5.1206
5.1206
4.2068
4.2068
4.2068
4.2068
4.2068
4.2068
4.2068
4.2068
4.2068
4.2068
4.09005
4.09005
4.09005
4.09005
4.09005
4.09005
4.09005
4.09005
4.09005
4.09005
6.905
6.905
6.905
6.905
6.905
6.905
6.905
6.905
6.905
6.905
7.67215
7.67215
7.67215
7.67215
7.67215
7.67215
7.67215
7.67215
7.67215
7.67215
8.41185
8.41185
8.41185
8.41185
8.41185
8.41185
8.41185
8.41185
8.41185
8.41185
9.90245
9.90245
9.90245
9.90245
9.90245
9.90245
9.90245
9.90245
9.90245
9.90245
9.99465
9.99465
9.99465
9.99465
9.99465
9.99465
9.99465
9.99465
9.99465
9.99465
10.0567
10.0567
10.0567
10.0567
10.0567
10.0567
10.0567
10.0567
10.0567
10.0567
9.3918
9.3918
9.3918
9.3918
9.3918
9.3918
9.3918
9.3918
9.3918
9.3918
10.146
10.146
10.146
10.146
10.146
10.146
10.146
10.146
10.146
10.146
10.22355
10.22355
10.22355
10.22355
10.22355
10.22355
10.22355
10.22355
10.22355
10.22355
7.36935
7.36935
7.36935
7.36935
7.36935
7.36935
7.36935
7.36935
7.36935
7.36935
7.2889
7.2889
7.2889
7.2889
7.2889
7.2889
7.2889
7.2889
7.2889
7.2889
5.8122
5.8122
5.8122
5.8122
5.8122
5.8122
5.8122
5.8122
5.8122
5.8122
7.91015
7.91015
7.91015
7.91015
7.91015
7.91015
7.91015
7.91015
7.91015
7.91015
8.67885
8.67885
8.67885
8.67885
8.67885
8.67885
8.67885
8.67885
8.67885
8.67885
8.71475
8.71475
8.71475
8.71475
8.71475
8.71475
8.71475
8.71475
8.71475
8.71475
9.46595
9.46595
9.46595
9.46595
9.46595
9.46595
9.46595
9.46595
9.46595
9.46595
8.06675
8.06675
8.06675
8.06675
8.06675
8.06675
8.06675
8.06675
8.06675
8.06675
5.84735
5.84735
5.84735
5.84735
5.84735
5.84735
5.84735
5.84735
5.84735
5.84735
5.74135
5.74135
5.74135
5.74135
5.74135
5.74135
5.74135
5.74135
5.74135
5.74135
4.94935
4.94935
4.94935
4.94935
4.94935
4.94935
4.94935
4.94935
4.94935
4.94935
3.39765
3.39765
3.39765
3.39765
3.39765
3.39765
3.39765
3.39765
3.39765
3.39765
3.24665
3.24665
3.24665
3.24665
3.24665
3.24665
3.24665
3.24665
3.24665
3.24665
4.5794
4.5794
4.5794
4.5794
4.5794
4.5794
4.5794
4.5794
4.5794
4.5794
5.2575
5.2575
5.2575
5.2575
5.2575
5.2575
5.2575
5.2575
5.2575
5.2575
6.67635
6.67635
6.67635
6.67635
6.67635
6.67635
6.67635
6.67635
6.67635
6.67635
6.68805
6.68805
6.68805
6.68805
6.68805
6.68805
6.68805
6.68805
6.68805
6.68805
6.6684
6.6684
6.6684
6.6684
6.6684
6.6684
6.6684
6.6684
6.6684
6.6684
7.3686
7.3686
7.3686
7.3686
7.3686
7.3686
7.3686
7.3686
7.3686
7.3686
8.83985
8.83985
8.83985
8.83985
8.83985
8.83985
8.83985
8.83985
8.83985
8.83985
9.637
9.637
9.637
9.637
9.637
9.637
9.637
9.637
9.637
9.637
8.98675
8.98675
8.98675
8.98675
8.98675
8.98675
8.98675
8.98675
8.98675
8.98675
10.46605
10.46605
10.46605
10.46605
10.46605
10.46605
10.46605
10.46605
10.46605
10.46605
11.30345
11.30345
11.30345
11.30345
11.30345
11.30345
11.30345
11.30345
11.30345
11.30345
11.42065
11.42065
11.42065
11.42065
11.42065
11.42065
11.42065
11.42065
11.42065
11.42065
10.06575
10.06575
10.06575
10.06575
10.06575
10.06575
10.06575
10.06575
10.06575
10.06575
8.6399
8.6399
8.6399
8.6399
8.6399
8.6399
8.6399
8.6399
8.6399
8.6399
8.63085
8.63085
8.63085
8.63085
8.63085
8.63085
8.63085
8.63085
8.63085
8.63085
10.11025
10.11025
10.11025
10.11025
10.11025
10.11025
10.11025
10.11025
10.11025
10.11025
11.6608
11.6608
11.6608
11.6608
11.6608
11.6608
11.6608
11.6608
11.6608
11.6608
11.06285
11.06285
11.06285
11.06285
11.06285
11.06285
11.06285
11.06285
11.06285
11.06285
11.1331
11.1331
11.1331
11.1331
11.1331
11.1331
11.1331
11.1331
11.1331
11.1331
11.95045
11.95045
11.95045
11.95045
11.95045
11.95045
11.95045
11.95045
11.95045
11.95045
10.6122
10.6122
10.6122
10.6122
10.6122
10.6122
10.6122
10.6122
10.6122
10.6122
10.6492
10.6492
10.6492
10.6492
10.6492
10.6492
10.6492
10.6492
10.6492
10.6492
9.9823
9.9823
9.9823
9.9823
9.9823
9.9823
9.9823
9.9823
9.9823
9.9823
12.20395
12.20395
12.20395
12.20395
12.20395
12.20395
12.20395
12.20395
12.20395
12.20395
11.6249
11.6249
11.6249
11.6249
11.6249
11.6249
11.6249
11.6249
11.6249
11.6249
10.23835
10.23835
10.23835
10.23835
10.23835
10.23835
10.23835
10.23835
10.23835
10.23835
10.2563
10.2563
10.2563
10.2563
10.2563
10.2563
10.2563
10.2563
10.2563
10.2563
9.56955
9.56955
9.56955
9.56955
9.56955
9.56955
9.56955
9.56955
9.56955
9.56955
9.5786
9.5786
9.5786
9.5786
9.5786
9.5786
9.5786
9.5786
9.5786
9.5786
10.33265
10.33265
10.33265
10.33265
10.33265
10.33265
10.33265
10.33265
10.33265
10.33265
10.3908
10.3908
10.3908
10.3908
10.3908
10.3908
10.3908
10.3908
10.3908
10.3908
9.70245
9.70245
9.70245
9.70245
9.70245
9.70245
9.70245
9.70245
9.70245
9.70245
11.17415
11.17415
11.17415
11.17415
11.17415
11.17415
11.17415
11.17415
11.17415
11.17415
12.00185
12.00185
12.00185
12.00185
12.00185
12.00185
12.00185
12.00185
12.00185
12.00185
12.83805
12.83805
12.83805
12.83805
12.83805
12.83805
12.83805
12.83805
12.83805
12.83805
13.69725
13.69725
13.69725
13.69725
13.69725
13.69725
13.69725
13.69725
13.69725
13.69725
11.65195
11.65195
11.65195
11.65195
11.65195
11.65195
11.65195
11.65195
11.65195
11.65195
10.2203
10.2203
10.2203
10.2203
10.2203
10.2203
10.2203
10.2203
10.2203
10.2203
8.7536
8.7536
8.7536
8.7536
8.7536
8.7536
8.7536
8.7536
8.7536
8.7536
7.23955
7.23955
7.23955
7.23955
7.23955
7.23955
7.23955
7.23955
7.23955
7.23955
7.14735
7.14735
7.14735
7.14735
7.14735
7.14735
7.14735
7.14735
7.14735
7.14735
6.35065
6.35065
6.35065
6.35065
6.35065
6.35065
6.35065
6.35065
6.35065
6.35065
6.2444
6.2444
6.2444
6.2444
6.2444
6.2444
6.2444
6.2444
6.2444
6.2444
6.15135
6.15135
6.15135
6.15135
6.15135
6.15135
6.15135
6.15135
6.15135
6.15135
7.5228
7.5228
7.5228
7.5228
7.5228
7.5228
7.5228
7.5228
7.5228
7.5228
6.7778
6.7778
6.7778
6.7778
6.7778
6.7778
6.7778
6.7778
6.7778
6.7778
6.6976
6.6976
6.6976
6.6976
6.6976
6.6976
6.6976
6.6976
6.6976
6.6976
6.63065
6.63065
6.63065
6.63065
6.63065
6.63065
6.63065
6.63065
6.63065
6.63065
3.6349
3.6349
3.6349
3.6349
3.6349
3.6349
3.6349
3.6349
3.6349
3.6349
1.9723
1.9723
1.9723
1.9723
1.9723
1.9723
1.9723
1.9723
1.9723
1.9723
4.6605
4.6605
4.6605
4.6605
4.6605
4.6605
4.6605
4.6605
4.6605
4.6605
5.34
5.34
5.34
5.34
5.34
5.34
5.34
5.34
5.34
5.34
4.54075
4.54075
4.54075
4.54075
4.54075
4.54075
4.54075
4.54075
4.54075
4.54075
5.87835
5.87835
5.87835
5.87835
5.87835
5.87835
5.87835
5.87835
5.87835
5.87835
5.11565
5.11565
5.11565
5.11565
5.11565
5.11565
5.11565
5.11565
5.11565
5.11565
4.2898
4.2898
4.2898
4.2898
4.2898
4.2898
4.2898
4.2898
4.2898
4.2898
2.71775
2.71775
2.71775
2.71775
2.71775
2.71775
2.71775
2.71775
2.71775
2.71775
1.8223
1.8223
1.8223
1.8223
1.8223
1.8223
1.8223
1.8223
1.8223
1.8223
-2.3592E-16
-2.3592E-16
-2.3592E-16
-2.3592E-16
-2.3592E-16
-2.3592E-16
-2.3592E-16
-2.3592E-16
-2.3592E-16
-2.3592E-16
-2.77555E-15
-2.77555E-15
-2.77555E-15
-2.77555E-15
-2.77555E-15
-2.77555E-15
-2.77555E-15
-2.77555E-15
-2.77555E-15
-2.77555E-15
7.0775E-16
7.0775E-16
7.0775E-16
7.0775E-16
7.0775E-16
7.0775E-16
7.0775E-16
7.0775E-16
7.0775E-16
7.0775E-16
1.01145
1.01145
1.01145
1.01145
1.01145
1.01145
1.01145
1.01145
1.01145
1.01145
-1.1549
-1.1549
-1.1549
-1.1549
-1.1549
-1.1549
-1.1549
-1.1549
-1.1549
-1.1549
-2.3587
-2.3587
-2.3587
-2.3587
-2.3587
-2.3587
-2.3587
-2.3587
-2.3587
-2.3587
-4.00765
-4.00765
-4.00765
-4.00765
-4.00765
-4.00765
-4.00765
-4.00765
-4.00765
-4.00765
-11.87865
-11.87865
-11.87865
-11.87865
-11.87865
-11.87865
-11.87865
-11.87865
-11.87865
-11.87865
-12.19355
-12.19355
-12.19355
-12.19355
-12.19355
-12.19355
-12.19355
-12.19355
-12.19355
-12.19355
-12.15935
-12.15935
-12.15935
-12.15935
-12.15935
-12.15935
-12.15935
-12.15935
-12.15935
-12.15935
-12.0871
-12.0871
-12.0871
-12.0871
-12.0871
-12.0871
-12.0871
-12.0871
-12.0871
-12.0871
-8.60575
-8.60575
-8.60575
-8.60575
-8.60575
-8.60575
-8.60575
-8.60575
-8.60575
-8.60575
-7.56745
-7.56745
-7.56745
-7.56745
-7.56745
-7.56745
-7.56745
-7.56745
-7.56745
-7.56745
-10.3306
-10.3306
-10.3306
-10.3306
-10.3306
-10.3306
-10.3306
-10.3306
-10.3306
-10.3306
-6.4605
-6.4605
-6.4605
-6.4605
-6.4605
-6.4605
-6.4605
-6.4605
-6.4605
-6.4605
-6.5859
-6.5859
-6.5859
-6.5859
-6.5859
-6.5859
-6.5859
-6.5859
-6.5859
-6.5859
-7.34145
-7.34145
-7.34145
-7.34145
-7.34145
-7.34145
-7.34145
-7.34145
-7.34145
-7.34145
-8.8265
-8.8265
-8.8265
-8.8265
-8.8265
-8.8265
-8.8265
-8.8265
-8.8265
-8.8265
-8.8694
-8.8694
-8.8694
-8.8694
-8.8694
-8.8694
-8.8694
-8.8694
-8.8694
-8.8694
-7.73305
-7.73305
-7.73305
-7.73305
-7.73305
-7.73305
-7.73305
-7.73305
-7.73305
-7.73305
-4.5784
-4.5784
-4.5784
-4.5784
-4.5784
-4.5784
-4.5784
-4.5784
-4.5784
-4.5784
-2.79615
-2.79615
-2.79615
-2.79615
-2.79615
-2.79615
-2.79615
-2.79615
-2.79615
-2.79615
-1.5017
-1.5017
-1.5017
-1.5017
-1.5017
-1.5017
-1.5017
-1.5017
-1.5017
-1.5017
-0.91335
-0.91335
-0.91335
-0.91335
-0.91335
-0.91335
-0.91335
-0.91335
-0.91335
-0.91335
-0.2936
-0.2936
-0.2936
-0.2936
-0.2936
-0.2936
-0.2936
-0.2936
-0.2936
-0.2936
0.0230535
0.0230535
0.0230535
0.0230535
0.0230535
0.0230535
0.0230535
0.0230535
0.0230535
0.0230535
0
0
0
0
0
0
0
0
0
0
